1.000000 -1.000000 -84111722734.172348
1.000000 -0.897436 -83170116003.773010
1.000000 -0.794872 -82227605874.987228
1.000000 -0.692308 -81283564810.100174
1.000000 -0.589744 -80337511823.070374
1.000000 -0.487179 -79389053573.504898
1.000000 -0.384615 -78437827228.249268
1.000000 -0.282051 -77483445562.979706
1.000000 -0.179487 -76525445083.707321
1.000000 -0.076923 -75563238213.175095
1.000000 0.025641 -74596070791.528763
1.000000 0.128205 -73622986261.607758
1.000000 0.230769 -72642797922.862747
1.000000 0.333333 -71654070521.915405
1.000000 0.435897 -70655112186.870224
1.000000 0.538462 -69643977302.408066
1.000000 0.641026 -68618480375.488403
1.000000 0.743590 -67576220287.658493
1.000000 0.846154 -66514613621.229210
1.000000 0.948718 -65430935056.092346
1.000000 1.051282 -64322362255.792580
1.000000 1.153846 -63186022309.879425
1.000000 1.256410 -62019036798.135971
1.000000 1.358974 -60818563000.310295
1.000000 1.461538 -59581829733.321030
1.000000 1.564103 -58306167651.398582
1.000000 1.666667 -56989035268.125824
1.000000 1.769231 -55628042905.708405
1.000000 1.871795 -54220976640.015327
1.000000 1.974359 -52765822794.841431
1.000000 2.076923 -51260791138.869926
1.000000 2.179487 -49704333222.461235
1.000000 2.282051 -48095153566.249077
1.000000 2.384615 -46432217510.843597
1.000000 2.487179 -44714770014.773979
1.000000 2.589744 -42942390513.538528
1.000000 2.692308 -41115113135.786697
1.000000 2.794872 -39233632594.005638
1.000000 2.897436 -37299593068.458244
1.000000 3.000000 -35315928776.432671
2.256410 -1.000000 -63753957499.682961
2.256410 -0.897436 -62664384745.771072
2.256410 -0.794872 -61608645498.314857
2.256410 -0.692308 -60582325198.015770
2.256410 -0.589744 -59580892047.253395
2.256410 -0.487179 -58599804247.250961
2.256410 -0.384615 -57634619286.339691
2.256410 -0.282051 -56681095420.261734
2.256410 -0.179487 -55735277418.644722
2.256410 -0.076923 -54793560826.074898
2.256410 0.025641 -53852731237.410118
2.256410 0.128205 -52909977184.592400
2.256410 0.230769 -51962877011.385185
2.256410 0.333333 -51009361586.395172
2.256410 0.435897 -50047656091.032677
2.256410 0.538462 -49076205724.017624
2.256410 0.641026 -48093592133.299339
2.256410 0.743590 -47098449427.210823
2.256410 0.846154 -46089389872.022308
2.256410 0.948718 -45064948644.394440
2.256410 1.051282 -44023553316.183006
2.256410 1.153846 -42963517205.735695
2.256410 1.256410 -41883048070.614098
2.256410 1.358974 -40780258070.636314
2.256410 1.461538 -39653161086.380096
2.256410 1.564103 -38499651417.590820
2.256410 1.666667 -37317472403.494652
2.256410 1.769231 -36104199519.968880
2.256410 1.871795 -34857272437.428062
2.256410 1.974359 -33574107542.015686
2.256410 2.076923 -32252304402.616970
2.256410 2.179487 -30889931838.700886
2.256410 2.282051 -29485853495.958092
2.256410 2.384615 -28040042602.581821
2.256410 2.487179 -26553847982.033695
2.256410 2.589744 -25030203458.032677
2.256410 2.692308 -23473804509.731133
2.256410 2.794872 -21891290055.933372
2.256410 2.897436 -20291449523.252739
2.256410 3.000000 -18685423557.339119
3.512821 -1.000000 -55547431164.111717
3.512821 -0.897436 -54577740270.153969
3.512821 -0.794872 -53627126298.822388
3.512821 -0.692308 -52690250415.429779
3.512821 -0.589744 -51762740012.316727
3.512821 -0.487179 -50841112723.896492
3.512821 -0.384615 -49922672402.967232
3.512821 -0.282051 -49005386406.248512
3.512821 -0.179487 -48087751936.795288
3.512821 -0.076923 -47168657282.553650
3.512821 0.025641 -46247242788.936722
3.512821 0.128205 -45322767045.758690
3.512821 0.230769 -44394485801.648933
3.512821 0.333333 -43461553174.387054
3.512821 0.435897 -42522954774.327744
3.512821 0.538462 -41577478685.616035
3.512821 0.641026 -40623722569.086418
3.512821 0.743590 -39660125299.192871
3.512821 0.846154 -38685003251.868942
3.512821 0.948718 -37696568933.260040
3.512821 1.051282 -36692915980.032219
3.512821 1.153846 -35671969319.089554
3.512821 1.256410 -34631418156.544334
3.512821 1.358974 -33568665333.308117
3.512821 1.461538 -32480832159.141937
3.512821 1.564103 -31364849003.495686
3.512821 1.666667 -30217640187.064018
3.512821 1.769231 -29036384598.566051
3.512821 1.871795 -27818812142.405190
3.512821 1.974359 -26563490597.415314
3.512821 2.076923 -25270070931.115490
3.512821 2.179487 -23939485210.340912
3.512821 2.282051 -22574117091.214840
3.512821 2.384615 -21177977976.086857
3.512821 2.487179 -19756914794.858974
3.512821 2.589744 -18318845029.661942
3.512821 2.692308 -16873963392.563162
3.512821 2.794872 -15434807928.016451
3.512821 2.897436 -14016045084.840500
3.512821 3.000000 -12633869897.439011
4.769231 -1.000000 -51028947065.182869
4.769231 -0.897436 -50095526434.696098
4.769231 -0.794872 -49170603704.531815
4.769231 -0.692308 -48251734733.404449
4.769231 -0.589744 -47337230863.162071
4.769231 -0.487179 -46425950842.579506
4.769231 -0.384615 -45517113984.971588
4.769231 -0.282051 -44610132363.630661
4.769231 -0.179487 -43704462268.142723
4.769231 -0.076923 -42799479797.495132
4.769231 0.025641 -41894389464.141556
4.769231 0.128205 -40988174941.930862
4.769231 0.230769 -40079595831.326416
4.769231 0.333333 -39167224209.761559
4.769231 0.435897 -38249503087.408363
4.769231 0.538462 -37324800620.640656
4.769231 0.641026 -36391433635.382477
4.769231 0.743590 -35447643773.236343
4.769231 0.846154 -34491527557.395226
4.769231 0.948718 -33520942209.816757
4.769231 1.051282 -32533424487.966499
4.769231 1.153846 -31526163561.342327
4.769231 1.256410 -30496058424.425121
4.769231 1.358974 -29439868445.269722
4.769231 1.461538 -28354440128.240059
4.769231 1.564103 -27236973947.166515
4.769231 1.666667 -26085290186.365574
4.769231 1.769231 -24898064031.257233
4.769231 1.871795 -23675021755.621994
4.769231 1.974359 -22417111027.950821
4.769231 2.076923 -21126670096.480991
4.769231 2.179487 -19807619621.415001
4.769231 2.282051 -18465686629.701321
4.769231 2.384615 -17108639918.712673
4.769231 2.487179 -15746470192.514891
4.769231 2.589744 -14391401843.278437
4.769231 2.692308 -13057610812.433298
4.769231 2.794872 -11760574255.206387
4.769231 2.897436 -10516084023.170862
4.769231 3.000000 -9339064876.794636
6.025641 -1.000000 -47962174746.489021
6.025641 -0.897436 -47037582704.315384
6.025641 -0.794872 -46120358470.481651
6.025641 -0.692308 -45209499637.637192
6.025641 -0.589744 -44304299274.003654
6.025641 -0.487179 -43404169620.941406
6.025641 -0.384615 -42508493154.587257
6.025641 -0.282051 -41616506475.752441
6.025641 -0.179487 -40727227482.010475
6.025641 -0.076923 -39839434346.656059
6.025641 0.025641 -38951695672.855415
6.025641 0.128205 -38062437801.050629
6.025641 0.230769 -37170022976.507568
6.025641 0.333333 -36272806640.566353
6.025641 0.435897 -35369147207.701912
6.025641 0.538462 -34457357238.269783
6.025641 0.641026 -33535606536.303543
6.025641 0.743590 -32601808001.265858
6.025641 0.846154 -31653528379.237202
6.025641 0.948718 -30687963628.254471
6.025641 1.051282 -29702002737.348206
6.025641 1.153846 -28692380019.711311
6.025641 1.256410 -27655892881.847816
6.025641 1.358974 -26589648559.926628
6.025641 1.461538 -25491304344.124603
6.025641 1.564103 -24359279969.378708
6.025641 1.666667 -23192940364.076405
6.025641 1.769231 -21992762079.590405
6.025641 1.871795 -20760502225.148220
6.025641 1.974359 -19499385998.016720
6.025641 2.076923 -18214320073.558113
6.025641 2.179487 -16912119954.142214
6.025641 2.282051 -15601703374.557190
6.025641 2.384615 -14294156237.919876
6.025641 2.487179 -13002552035.526028
6.025641 2.589744 -11741435043.506502
6.025641 2.692308 -10525966338.478083
6.025641 2.794872 -9370838788.821896
6.025641 2.897436 -8289136299.182037
6.025641 3.000000 -7291319698.783916
7.282051 -1.000000 -45655469016.103844
7.282051 -0.897436 -44739083389.113739
7.282051 -0.794872 -43831587373.568901
7.282051 -0.692308 -42932228787.312523
7.282051 -0.589744 -42040244339.856316
7.282051 -0.487179 -41154729851.612617
7.282051 -0.384615 -40274559286.566521
7.282051 -0.282051 -39398362976.922676
7.282051 -0.179487 -38524564752.682045
7.282051 -0.076923 -37651462121.664261
7.282051 0.025641 -36777319696.399178
7.282051 0.128205 -35900440083.691841
7.282051 0.230769 -35019182169.725731
7.282051 0.333333 -34131913626.441517
7.282051 0.435897 -33236907576.395065
7.282051 0.538462 -32332214823.798702
7.282051 0.641026 -31415555032.175312
7.282051 0.743590 -30484268054.457829
7.282051 0.846154 -29535350915.489178
7.282051 0.948718 -28565582477.125862
7.282051 1.051282 -27571715267.375420
7.282051 1.153846 -26550700592.268768
7.282051 1.256410 -25499913433.448704
7.282051 1.358974 -24417356341.465702
7.282051 1.461538 -23301839217.809734
7.282051 1.564103 -22153145103.254894
7.282051 1.666667 -20972195774.114365
7.282051 1.769231 -19761227877.328259
7.282051 1.871795 -18523986215.680748
7.282051 1.974359 -17265934147.356827
7.282051 2.076923 -15994461129.414211
7.282051 2.179487 -14719028109.182575
7.282051 2.282051 -13451149021.836699
7.282051 2.384615 -12204097595.961212
7.282051 2.487179 -10992280323.037569
7.282051 2.589744 -9830314964.159573
7.282051 2.692308 -8731947773.513189
7.282051 2.794872 -7708985478.046255
7.282051 2.897436 -6770405413.041968
7.282051 3.000000 -5921765415.779965
8.538462 -1.000000 -43826631443.940094
8.538462 -0.897436 -42921142127.704239
8.538462 -0.794872 -42026052508.859558
8.538462 -0.692308 -41140331417.679985
8.538462 -0.589744 -40262756645.782219
8.538462 -0.487179 -39391863517.574333
8.538462 -0.384615 -38525963239.305977
8.538462 -0.282051 -37663219318.987915
8.538462 -0.179487 -36801753079.516312
8.538462 -0.076923 -35939739170.691437
8.538462 0.025641 -35075454015.259277
8.538462 0.128205 -34207254916.939613
8.538462 0.230769 -33333490951.714439
8.538462 0.333333 -32452371045.972675
8.538462 0.435897 -31561831265.769970
8.538462 0.538462 -30659446245.739670
8.538462 0.641026 -29742417879.142036
8.538462 0.743590 -28807652451.807529
8.538462 0.846154 -27851913640.519249
8.538462 0.948718 -26872021929.994858
8.538462 1.051282 -25865066799.517918
8.538462 1.153846 -24828606911.604389
8.538462 1.256410 -23760849916.120991
8.538462 1.358974 -22660818039.080822
8.538462 1.461538 -21528510930.558163
8.538462 1.564103 -20365073627.865406
8.538462 1.666667 -19172972636.927834
8.538462 1.769231 -17956182672.002689
8.538462 1.871795 -16720383976.096531
8.538462 1.974359 -15473150257.539141
8.538462 2.076923 -14224065691.695942
8.538462 2.179487 -12984668227.451181
8.538462 2.282051 -11768114595.959406
8.538462 2.384615 -10588522112.133015
8.538462 2.487179 -9460041599.419626
8.538462 2.589744 -8395801009.121669
8.538462 2.692308 -7406890941.673024
8.538462 2.794872 -6501544170.882900
8.538462 2.897436 -5684618528.943298
8.538462 3.000000 -4957442468.897058
9.794872 -1.000000 -42327666236.267448
9.794872 -0.897436 -41434576386.448494
9.794872 -0.794872 -40552746032.534981
9.794872 -0.692308 -39680656431.231636
9.794872 -0.589744 -38816548223.188347
9.794872 -0.487179 -37958467315.756142
9.794872 -0.384615 -37104366267.088524
9.794872 -0.282051 -36252222589.859955
9.794872 -0.179487 -35400129828.832275
9.794872 -0.076923 -34546325902.085869
9.794872 0.025641 -33689144005.543823
9.794872 0.128205 -32826897816.171013
9.794872 0.230769 -31957735847.298626
9.794872 0.333333 -31079511508.452503
9.794872 0.435897 -30189711669.043388
9.794872 0.538462 -29285469102.247791
9.794872 0.641026 -28363659997.888157
9.794872 0.743590 -27421065947.772476
9.794872 0.846154 -26454568191.101013
9.794872 0.948718 -25461343873.284302
9.794872 1.051282 -24439047193.164326
9.794872 1.153846 -23385974865.353844
9.794872 1.256410 -22301225798.901840
9.794872 1.358974 -21184864238.280647
9.794872 1.461538 -20038088009.082321
9.794872 1.564103 -18863399297.322685
9.794872 1.666667 -17664779368.982315
9.794872 1.769231 -16447870619.069605
9.794872 1.871795 -15220151136.926304
9.794872 1.974359 -13991044194.610636
9.794872 2.076923 -12771861926.308294
9.794872 2.179487 -11575479386.580921
9.794872 2.282051 -10415693973.085852
9.794872 2.384615 -9306323100.794252
9.794872 2.487179 -8260176665.702484
9.794872 2.589744 -7288071462.529394
9.794872 2.692308 -6398035417.574306
9.794872 2.794872 -5594807011.464138
9.794872 2.897436 -4879686141.569807
9.794872 3.000000 -4250735985.836786
11.051282 -1.000000 -41069018758.761703
11.051282 -0.897436 -40188551621.586845
11.051282 -0.794872 -39319496775.838806
11.051282 -0.692308 -38459832025.979370
11.051282 -0.589744 -37607365314.317719
11.051282 -0.487179 -36759852259.173019
11.051282 -0.384615 -35915123328.168900
11.051282 -0.282051 -35071172893.234848
11.051282 -0.179487 -34226175716.601311
11.051282 -0.076923 -33378421111.248493
11.051282 0.025641 -32526183096.316208
11.051282 0.128205 -31667566837.780327
11.051282 0.230769 -30800379999.993896
11.051282 0.333333 -29922069785.866779
11.051282 0.435897 -29029745966.812656
11.051282 0.538462 -28120285287.599125
11.051282 0.641026 -27190492678.567688
11.051282 0.743590 -26237286598.277355
11.051282 0.846154 -25257881369.283741
11.051282 0.948718 -24249954479.491318
11.051282 1.051282 -23211802771.972012
11.051282 1.153846 -22142498917.369362
11.051282 1.256410 -21042055002.975018
11.051282 1.358974 -19911589886.399239
11.051282 1.461538 -18753493238.042332
11.051282 1.564103 -17571586894.620682
11.051282 1.666667 -16371291396.422419
11.051282 1.769231 -15159791486.224457
11.051282 1.871795 -13946152067.465525
11.051282 1.974359 -12741288758.113682
11.051282 2.076923 -11557686295.139181
11.051282 2.179487 -10408809293.671173
11.051282 2.282051 -9308245111.117270
11.051282 2.384615 -8268705818.894628
11.051282 2.487179 -7301053197.589024
11.051282 2.589744 -6413495595.386500
11.051282 2.692308 -5611064108.311897
11.051282 2.794872 -4895427202.493569
11.051282 2.897436 -4265048889.976516
11.051282 3.000000 -3715637279.347375
12.307692 -1.000000 -39991992114.498032
12.307692 -0.897436 -39123526866.833366
12.307692 -0.794872 -38266049116.707436
12.307692 -0.692308 -37417137418.095711
12.307692 -0.589744 -36574344219.929581
12.307692 -0.487179 -35735332220.930397
12.307692 -0.384615 -34897967304.369263
12.307692 -0.282051 -34060332642.284958
12.307692 -0.179487 -33220655926.596653
12.307692 -0.076923 -32377171213.621040
12.307692 0.025641 -31527958697.321838
12.307692 0.128205 -30670812590.576588
12.307692 0.230769 -29803177424.522453
12.307692 0.333333 -28922170992.490120
12.307692 0.435897 -28024686780.259445
12.307692 0.538462 -27107549605.866116
12.307692 0.641026 -26167691769.128330
12.307692 0.743590 -25202324268.393021
12.307692 0.846154 -24209093718.828506
12.307692 0.948718 -23186231338.164944
12.307692 1.051282 -22132706414.244785
12.307692 1.153846 -21048389852.867554
12.307692 1.256410 -19934220969.161976
12.307692 1.358974 -18792366141.625237
12.307692 1.461538 -17626367857.707214
12.307692 1.564103 -16441295584.890911
12.307692 1.666667 -15243902605.503914
12.307692 1.769231 -14042753907.141199
12.307692 1.871795 -12848238286.891891
12.307692 1.974359 -11672354690.989891
12.307692 2.076923 -10528200522.609621
12.307692 2.179487 -9429179235.818184
12.307692 2.282051 -8388037771.384269
12.307692 2.384615 -7415893202.057977
12.307692 2.487179 -6521401686.612836
12.307692 2.589744 -5710184079.429844
12.307692 2.692308 -4984574640.529790
12.307692 2.794872 -4343707713.015000
12.307692 2.897436 -3783901449.069470
12.307692 3.000000 -3299251214.010655
13.564103 -1.000000 -39056039380.080437
13.564103 -0.897436 -38198485132.537987
13.564103 -0.794872 -37351102299.548134
13.564103 -0.692308 -36511223908.171478
13.564103 -0.589744 -35676315763.117744
13.564103 -0.487179 -34844079931.241989
13.564103 -0.384615 -34012475796.162376
13.564103 -0.282051 -33179649055.333595
13.564103 -0.179487 -32343790350.178234
13.564103 -0.076923 -31502968224.262550
13.564103 0.025641 -30654988347.782246
13.564103 0.128205 -29797320751.852562
13.564103 0.230769 -28927114024.788387
13.564103 0.333333 -28041289358.370857
13.564103 0.435897 -27136687869.095661
13.564103 0.538462 -26210238256.032257
13.564103 0.641026 -25259119444.300652
13.564103 0.743590 -24280909390.971939
13.564103 0.846154 -23273727427.721268
13.564103 0.948718 -22236383740.432007
13.564103 1.051282 -21168542004.666321
13.564103 1.153846 -20070886632.364834
13.564103 1.256410 -18945279064.136868
13.564103 1.358974 -17794897468.301224
13.564103 1.461538 -16624372252.819107
13.564103 1.564103 -15439931599.196121
13.564103 1.666667 -14249539118.970440
13.564103 1.769231 -13062951268.360693
13.564103 1.871795 -11891584846.549652
13.564103 1.974359 -10748103685.773825
13.564103 2.076923 -9645712271.502825
13.564103 2.179487 -8597242177.728096
13.564103 2.282051 -7614181736.294912
13.564103 2.384615 -6705807159.150668
13.564103 2.487179 -5878540144.798689
13.564103 2.589744 -5135609487.320091
13.564103 2.692308 -4477044120.898292
13.564103 2.794872 -3899971885.369054
13.564103 2.897436 -3399149591.855155
13.564103 3.000000 -2967625402.291538
14.820513 -1.000000 -38232047182.371078
14.820513 -0.897436 -37384108648.386559
14.820513 -0.794872 -36545312044.422615
14.820513 -0.692308 -35712893414.971725
14.820513 -0.589744 -34884351353.929634
14.820513 -0.487179 -34057483874.185856
14.820513 -0.384615 -33230327636.572403
14.820513 -0.282051 -32401018563.784985
14.820513 -0.179487 -31567618359.376343
14.820513 -0.076923 -30727960827.215755
14.820513 0.025641 -29879562919.055149
14.820513 0.128205 -29019622722.188812
14.820513 0.230769 -28145099619.658417
14.820513 0.333333 -27252850963.855259
14.820513 0.435897 -26339791861.104504
14.820513 0.538462 -25403051380.522652
14.820513 0.641026 -24440115014.240715
14.820513 0.743590 -23448960430.913677
14.820513 0.846154 -22428201402.049488
14.820513 0.948718 -21377248000.130589
14.820513 1.051282 -20296474973.115376
14.820513 1.153846 -19187379306.953033
14.820513 1.256410 -18052715234.893871
14.820513 1.358974 -16896616284.024590
14.820513 1.461538 -15724725976.098482
14.820513 1.564103 -14544337687.818851
14.820513 1.666667 -13364491521.580862
14.820513 1.769231 -12195925711.113089
14.820513 1.871795 -11050776099.279465
14.820513 1.974359 -9941977926.867630
14.820513 2.076923 -8882422268.621498
14.820513 2.179487 -7884000700.817777
14.820513 2.282051 -6956699072.044502
14.820513 2.384615 -6107878455.390905
14.820513 2.487179 -5341835411.983022
14.820513 2.589744 -4659683818.387767
14.820513 2.692308 -4059549595.409857
14.820513 2.794872 -3537020073.351848
14.820513 2.897436 -3085756794.634792
14.820513 3.000000 -2698177919.611894
16.076923 -1.000000 -37498480256.202774
16.076923 -0.897436 -36658830422.340599
16.076923 -0.794872 -35827218142.618660
16.076923 -0.692308 -35000895733.993027
16.076923 -0.589744 -34177455889.440277
16.076923 -0.487179 -33354789925.313423
16.076923 -0.384615 -32530956783.864494
16.076923 -0.282051 -31704005206.252251
16.076923 -0.179487 -30871804653.633793
16.076923 -0.076923 -30031934399.815323
16.076923 0.025641 -29181658527.046768
16.076923 0.128205 -28317986667.158047
16.076923 0.230769 -27437797161.884277
16.076923 0.333333 -26537988909.904316
16.076923 0.435897 -25615632824.708572
16.076923 0.538462 -24668109674.898693
16.076923 0.641026 -23693239490.408726
16.076923 0.743590 -22689418275.846481
16.076923 0.846154 -21655773457.041077
16.076923 0.948718 -20592332840.935501
16.076923 1.051282 -19500186510.077888
16.076923 1.153846 -18381622918.523930
16.076923 1.256410 -17240241843.634869
16.076923 1.358974 -16081068309.553478
16.076923 1.461538 -14910684840.020994
16.076923 1.564103 -13737354508.599819
16.076923 1.666667 -12571048394.292526
16.076923 1.769231 -11423263349.822731
16.076923 1.871795 -10306551718.882568
16.076923 1.974359 -9233774169.371668
16.076923 2.076923 -8217181581.651070
16.076923 2.179487 -7267482777.214362
16.076923 2.282051 -6393049016.782315
16.076923 2.384615 -5599365218.291596
16.076923 2.487179 -4888787455.981279
16.076923 2.589744 -4260616301.977223
16.076923 2.692308 -3711446389.465848
16.076923 2.794872 -3235713033.853555
16.076923 2.897436 -2826342890.312031
16.076923 3.000000 -2475427095.103415
17.333333 -1.000000 -36839030830.766739
17.333333 -0.897436 -36006411927.303696
17.333333 -0.794872 -35180743195.450096
17.333333 -0.692308 -34359362010.109638
17.333333 -0.589744 -33539967641.445030
17.333333 -0.487179 -32720506798.140915
17.333333 -0.384615 -31898996044.426819
17.333333 -0.282051 -31073337268.535755
17.333333 -0.179487 -30241180738.991295
17.333333 -0.076923 -29399870896.722744
17.333333 0.025641 -28546481660.640057
17.333333 0.128205 -27677922088.926914
17.333333 0.230769 -26791079062.364830
17.333333 0.333333 -25882965017.351269
17.333333 0.435897 -24950853003.364346
17.333333 0.538462 -23992400638.228813
17.333333 0.641026 -23005778416.999672
17.333333 0.743590 -21989817557.750889
17.333333 0.846154 -20944177330.474789
17.333333 0.948718 -19869512598.204685
17.333333 1.051282 -18767616716.559425
17.333333 1.153846 -17641532258.270363
17.333333 1.256410 -16495649822.426344
17.333333 1.358974 -15335824190.912964
17.333333 1.461538 -14169506240.451546
17.333333 1.564103 -13005829036.023323
17.333333 1.666667 -11855538161.488016
17.333333 1.769231 -10730662206.086161
17.333333 1.871795 -9643889740.212524
17.333333 1.974359 -8607719246.970186
17.333333 2.076923 -7633523401.197381
17.333333 2.179487 -6730687155.400759
17.333333 2.282051 -5905949271.975631
17.333333 2.384615 -5163027253.850316
17.333333 2.487179 -4502554774.413979
17.333333 2.589744 -3922312097.079051
17.333333 2.692308 -3417686561.793499
17.333333 2.794872 -2982275293.105768
17.333333 2.897436 -2608544571.837997
17.333333 3.000000 -2288476030.336555
18.589744 -1.000000 -36241113492.651947
18.589744 -0.897436 -35414387281.807297
18.589744 -0.794872 -34593591862.875992
18.589744 -0.692308 -33776177729.192558
18.589744 -0.589744 -32959930074.210625
18.589744 -0.487179 -32142798988.156334
18.589744 -0.384615 -31322702517.822678
18.589744 -0.282051 -30497361884.880814
18.589744 -0.179487 -29664212753.347664
18.589744 -0.076923 -28820408571.095089
18.589744 0.025641 -27962903314.007305
18.589744 0.128205 -27088582172.532215
18.589744 0.230769 -26194405527.267223
18.589744 0.333333 -25277542990.836670
18.589744 0.435897 -24335493654.446346
18.589744 0.538462 -23366205844.582188
18.589744 0.641026 -22368214641.754429
18.589744 0.743590 -21340803831.187714
18.589744 0.846154 -20284177798.740105
18.589744 0.948718 -19199615286.760086
18.589744 1.051282 -18089586136.585316
18.589744 1.153846 -16957841098.762758
18.589744 1.256410 -15809507966.069515
18.589744 1.358974 -14651215323.743900
18.589744 1.461538 -13491213225.599121
18.589744 1.564103 -12339398376.102089
18.589744 1.666667 -11207126777.846790
18.589744 1.769231 -10106738217.073500
18.589744 1.871795 -9050809986.764793
18.589744 1.974359 -8051251121.089980
18.589744 2.076923 -7118395361.474281
18.589744 2.179487 -6260240836.278045
18.589744 2.282051 -5481939883.852665
18.589744 2.384615 -4785589954.364867
18.589744 2.487179 -4170327136.899219
18.589744 2.589744 -3632678747.115830
18.589744 2.692308 -3167097793.148274
18.589744 2.794872 -2766592572.404596
18.589744 2.897436 -2423376389.497020
18.589744 3.000000 -2129475168.236279
19.846154 -1.000000 -35694861535.303154
19.846154 -0.897436 -34873026847.852493
19.846154 -0.794872 -34056192215.453152
19.846154 -0.692308 -33241918186.283634
19.846154 -0.589744 -32428037469.093071
19.846154 -0.487179 -31612452295.772991
19.846154 -0.384615 -30792943082.564682
19.846154 -0.282051 -29967041459.408298
19.846154 -0.179487 -29131994999.297497
19.846154 -0.076923 -28284820175.484539
19.846154 0.025641 -27422416246.360401
19.846154 0.128205 -26541703838.397228
19.846154 0.230769 -25639759175.970253
19.846154 0.333333 -24713933043.454918
19.846154 0.435897 -23761963284.245449
19.846154 0.538462 -22782100275.988853
19.846154 0.641026 -21773259016.588158
19.846154 0.743590 -20735191306.073196
19.846154 0.846154 -19668651213.051247
19.846154 0.948718 -18575525377.848091
19.846154 1.051282 -17458923609.301476
19.846154 1.153846 -16323257633.379587
19.846154 1.256410 -15174344445.111069
19.846154 1.358974 -14019535580.487640
19.846154 1.461538 -12867809282.443176
19.846154 1.564103 -11729712333.167538
19.846154 1.666667 -10617044664.041607
19.846154 1.769231 -9542251556.549002
19.846154 1.871795 -8517589527.444745
19.846154 1.974359 -7554207604.855441
19.846154 2.076923 -6661303572.924519
19.846154 2.179487 -5845483383.078436
19.846154 2.282051 -5110399862.743238
19.846154 2.384615 -4456694879.327354
19.846154 2.487179 -3882222564.668838
19.846154 2.589744 -3382492202.325762
19.846154 2.692308 -2951248018.648953
19.846154 2.794872 -2581106012.590989
19.846154 2.897436 -2264182018.221515
19.846154 3.000000 -1992652341.269748
21.102564 -1.000000 -35192435110.952347
21.102564 -0.897436 -34374626173.348488
21.102564 -0.794872 -33560976021.574821
21.102564 -0.692308 -32749131907.700809
21.102564 -0.589744 -31936930029.358147
21.102564 -0.487179 -31122182868.373302
21.102564 -0.384615 -30302512920.539371
21.102564 -0.282051 -29475272870.006653
21.102564 -0.179487 -28637560789.461170
21.102564 -0.076923 -27786310273.806637
21.102564 0.025641 -26918419822.379482
21.102564 0.128205 -26030887167.538059
21.102564 0.230769 -25120929505.175449
21.102564 0.333333 -24186091490.130928
21.102564 0.435897 -23224358770.213882
21.102564 0.538462 -22234296247.583706
21.102564 0.641026 -21215214437.333382
21.102564 0.743590 -20167343462.676315
21.102564 0.846154 -19091981337.030262
21.102564 0.948718 -17991596425.140259
21.102564 1.051282 -16869898018.003784
21.102564 1.153846 -15731915329.156788
21.102564 1.256410 -14584113117.462656
21.102564 1.358974 -13434517421.371813
21.102564 1.461538 -12292759372.074209
21.102564 1.564103 -11169916539.706121
21.102564 1.666667 -10078069595.455070
21.102564 1.769231 -9029584433.462395
21.102564 1.871795 -8036226358.851283
21.102564 1.974359 -7108263972.350735
21.102564 2.076923 -6253712514.102441
21.102564 2.179487 -5477821095.315729
21.102564 2.282051 -4782853630.236620
21.102564 2.384615 -4168163725.483202
21.102564 2.487179 -3630521510.895370
21.102564 2.589744 -3164619902.641981
21.102564 2.692308 -2763678799.014373
21.102564 2.794872 -2420076056.009459
21.102564 2.897436 -2125945338.974799
21.102564 3.000000 -1873683702.205830
22.358974 -1.000000 -34727531253.482628
22.358974 -0.897436 -33913006080.402668
22.358974 -0.794872 -33101877500.030190
22.358974 -0.692308 -32291845465.602821
22.358974 -0.589744 -31480708249.982410
22.358974 -0.487179 -30666159700.821613
22.358974 -0.384615 -29845660861.215458
22.358974 -0.282051 -29016409149.667492
22.358974 -0.179487 -28175395811.914917
22.358974 -0.076923 -27319519680.014641
22.358974 0.025641 -26445719386.715954
22.358974 0.128205 -25551096656.476231
22.358974 0.230769 -24633023525.264263
22.358974 0.333333 -23689246251.672520
22.358974 0.435897 -22718007676.573196
22.358974 0.538462 -21718201164.440311
22.358974 0.641026 -20689546248.855064
22.358974 0.743590 -19632754314.756470
22.358974 0.846154 -18549651948.618355
22.358974 0.948718 -17443256854.331421
22.358974 1.051282 -16317838143.119873
22.358974 1.153846 -15179005026.158003
22.358974 1.256410 -14033833772.793917
22.358974 1.358974 -12890975947.865166
22.358974 1.461538 -11760634973.195377
22.358974 1.564103 -10654297032.226400
22.358974 1.666667 -9584168754.204823
22.358974 1.769231 -8562375960.294620
22.358974 1.871795 -7600059589.312667
22.358974 1.974359 -6706529858.077592
22.358974 2.076923 -5888611456.104987
22.358974 2.179487 -5150259287.469587
22.358974 2.282051 -4492470310.571770
22.358974 2.384615 -3913471136.735041
22.358974 2.487179 -3409124599.739714
22.358974 2.589744 -2973477991.687204
22.358974 2.692308 -2599376953.302299
22.358974 2.794872 -2279081538.649302
22.358974 2.897436 -2004827246.511939
22.358974 3.000000 -1769275714.386308
23.615385 -1.000000 -34295029117.568897
23.615385 -0.897436 -33483153820.079746
23.615385 -0.794872 -32673976579.532192
23.615385 -0.692308 -31865212864.850857
23.615385 -0.589744 -31054588974.073063
23.615385 -0.487179 -30239664604.587955
23.615385 -0.384615 -29417748768.548016
23.615385 -0.282051 -28585914297.265385
23.615385 -0.179487 -27741086808.054077
23.615385 -0.076923 -26880169707.399353
23.615385 0.025641 -26000170487.249290
23.615385 0.128205 -25098310898.633389
23.615385 0.230769 -24172125524.172398
23.615385 0.333333 -23219569011.378510
23.615385 0.435897 -22239152469.237774
23.615385 0.538462 -21230111797.590916
23.615385 0.641026 -20192584697.183327
23.615385 0.743590 -19127758687.887577
23.615385 0.846154 -18037966121.664349
23.615385 0.948718 -16926739463.734453
23.615385 1.051282 -15798871909.286949
23.615385 1.153846 -14660521319.222307
23.615385 1.256410 -13519342073.006664
23.615385 1.358974 -12384559553.142195
23.615385 1.461538 -11266864025.522432
23.615385 1.564103 -10178028604.386484
23.615385 1.666667 -9130243422.855968
23.615385 1.769231 -8135258909.170470
23.615385 1.871795 -7203492311.626568
23.615385 1.974359 -6343252297.701749
23.615385 2.076923 -5560193510.302274
23.615385 2.179487 -4857056273.532488
23.615385 2.282051 -4233695360.836303
23.615385 2.384615 -3687360517.928840
23.615385 2.487179 -3213162195.569285
23.615385 2.589744 -2804645525.319530
23.615385 2.692308 -2454403641.544247
23.615385 2.794872 -2154672066.129579
23.615385 2.897436 -1897847727.293088
23.615385 3.000000 -1676881332.605589
24.871795 -1.000000 -33890728378.849598
24.871795 -0.897436 -33080960792.987411
24.871795 -0.794872 -32273239972.909298
24.871795 -0.692308 -31465261710.880405
24.871795 -0.589744 -30654655722.871132
24.871795 -0.487179 -29838843855.656132
24.871795 -0.384615 -29015001286.755943
24.871795 -0.282051 -28180109149.790192
24.871795 -0.179487 -27331063856.471397
24.871795 -0.076923 -26464803404.917744
24.871795 0.025641 -25578422927.343693
24.871795 0.128205 -24669273231.333530
24.871795 0.230769 -23735056722.927952
24.871795 0.333333 -22773944309.422752
24.871795 0.435897 -21784727836.197800
24.871795 0.538462 -20766998132.823761
24.871795 0.641026 -19721314427.494171
24.871795 0.743590 -18649327839.390034
24.871795 0.846154 -17553849091.181149
24.871795 0.948718 -16438891894.469688
24.871795 1.051282 -15309743132.379406
24.871795 1.153846 -14173082930.658764
24.871795 1.256410 -13037110867.831640
24.871795 1.358974 -11911570543.705507
24.871795 1.461538 -10807550222.736704
24.871795 1.564103 -9736992019.526398
24.871795 1.666667 -8711942016.456861
24.871795 1.769231 -7743664820.729566
24.871795 1.871795 -6841784253.010280
24.871795 1.974359 -6013591964.136043
24.871795 2.076923 -5263613300.292595
24.871795 2.179487 -4593462911.554235
24.871795 2.282051 -4001975311.769186
24.871795 2.384615 -3485559938.401082
24.871795 2.487179 -3038709143.852678
24.871795 2.589744 -2654585983.107586
24.871795 2.692308 -2325629597.437258
24.871795 2.794872 -2044122460.130263
24.871795 2.897436 -1802663581.161041
24.871795 3.000000 -1594503517.059314
26.128205 -1.000000 -33511153340.532093
26.128205 -0.897436 -32703027770.591484
26.128205 -0.794872 -31896329874.571655
26.128205 -0.692308 -31088705730.358807
26.128205 -0.589744 -30277673549.811710
26.128205 -0.487179 -29460523000.119198
26.128205 -0.384615 -28634318597.521702
26.128205 -0.282051 -27795981507.042000
26.128205 -0.179487 -26942409056.381687
26.128205 -0.076923 -26070595348.417530
26.128205 0.025641 -25177734619.168922
26.128205 0.128205 -24261311955.828709
26.128205 0.230769 -23319202796.871834
26.128205 0.333333 -22349803855.344830
26.128205 0.435897 -21352200471.095100
26.128205 0.538462 -20326347519.339169
26.128205 0.641026 -19273222870.170303
26.128205 0.743590 -18194922845.093201
26.128205 0.846154 -17094707361.226076
26.128205 0.948718 -15977041100.869638
26.128205 1.051282 -14847679666.342901
26.128205 1.153846 -13713802260.324556
26.128205 1.256410 -12584119356.103725
26.128205 1.358974 -11468833102.065603
26.128205 1.461538 -10379339486.324175
26.128205 1.564103 -9327638192.537003
26.128205 1.666667 -8325519924.259999
26.128205 1.769231 -7383676366.570218
26.128205 1.871795 -6510893311.331609
26.128205 1.974359 -5713451374.539625
26.128205 2.076923 -4994800993.927881
26.128205 2.179487 -4355523715.450755
26.128205 2.282051 -3793549365.587353
26.128205 2.384615 -3304569359.661293
26.128205 2.487179 -2882573591.878750
26.128205 2.589744 -2520443371.461871
26.128205 2.692308 -2210543238.927798
26.128205 2.794872 -1945256513.606372
26.128205 2.897436 -1717410405.599029
26.128205 3.000000 -1520556775.079094
27.384615 -1.000000 -33153404299.944187
27.384615 -0.897436 -32346518176.553898
27.384615 -0.794872 -31540460333.836815
27.384615 -0.692308 -30732803825.929985
27.384615 -0.589744 -29920949237.261208
27.384615 -0.487179 -29102066435.050404
27.384615 -0.384615 -28273134351.307995
27.384615 -0.282051 -27431042663.338005
27.384615 -0.179487 -26572713154.328545
27.384615 -0.076923 -25695210533.835781
27.384615 0.025641 -24795834781.829632
27.384615 0.128205 -23872209042.189289
27.384615 0.230769 -22922388143.563217
27.384615 0.333333 -21945005504.333950
27.384615 0.435897 -20939451682.420864
27.384615 0.538462 -19906050375.726604
27.384615 0.641026 -18846189349.085304
27.384615 0.743590 -17762387822.184315
27.384615 0.846154 -16658326286.225138
27.384615 0.948718 -15538894471.450920
27.384615 1.051282 -14410296380.220242
27.384615 1.153846 -13280188476.804514
27.384615 1.256410 -12157755221.825747
27.384615 1.358974 -11053594145.005613
27.384615 1.461538 -9979319343.864265
27.384615 1.564103 -8946885199.200659
27.384615 1.666667 -7967732245.007053
27.384615 1.769231 -7051913268.915344
27.384615 1.871795 -6207352267.944713
27.384615 1.974359 -5439340926.227466
27.384615 2.076923 -4750317638.457536
27.384615 2.179487 -4139923131.169481
27.384615 2.282051 -3605289813.205498
27.384615 2.384615 -3141499462.310768
27.384615 2.487179 -2742138757.635301
27.384615 2.589744 -2399890982.452955
27.384615 2.692308 -2107109655.291829
27.384615 2.794872 -1856318649.449054
27.384615 2.897436 -1640588549.153071
27.384615 3.000000 -1453767983.531523
28.641026 -1.000000 -32815043475.897701
28.641026 -0.897436 -32009046152.315586
28.641026 -0.794872 -31203287857.230728
28.641026 -0.692308 -30395252462.534058
28.641026 -0.589744 -29582224123.550716
28.641026 -0.487179 -28761269513.278152
28.641026 -0.384615 -27929306696.375965
28.641026 -0.282051 -27083218036.643562
28.641026 -0.179487 -26219967229.103722
28.641026 -0.076923 -25336698788.384579
28.641026 0.025641 -24430822348.472752
28.641026 0.128205 -23500102988.924767
28.641026 0.230769 -22542782802.562889
28.641026 0.333333 -21557743372.276768
28.641026 0.435897 -20544689979.743877
28.641026 0.538462 -19504315138.226902
28.641026 0.641026 -18438402867.412037
28.641026 0.743590 -17349871047.102577
28.641026 0.846154 -16242794360.401388
28.641026 0.948718 -15122466259.076027
28.641026 1.051282 -13995522254.814934
28.641026 1.153846 -12870074063.019840
28.641026 1.256410 -11755740074.358305
28.641026 1.358974 -10663447575.406910
28.641026 1.461538 -9604941755.732660
28.641026 1.564103 -8592038734.954735
28.641026 1.666667 -7635750179.618392
28.641026 1.769231 -6745442630.802380
28.641026 1.871795 -5928171407.729667
28.641026 1.974359 -5188273056.166820
28.641026 2.076923 -4527241330.466621
28.641026 2.179487 -3943865480.587121
28.641026 2.282051 -3434578605.593683
28.641026 2.384615 -2993948291.746090
28.641026 2.487179 -2615243044.018717
28.641026 2.589744 -2291017854.138992
28.641026 2.692308 -2013665660.749959
28.641026 2.794872 -1775879223.384254
28.641026 2.897436 -1570979644.244280
28.641026 3.000000 -1393104256.330041
29.897436 -1.000000 -32494006571.721027
29.897436 -0.897436 -31688590172.147449
29.897436 -0.794872 -30882827000.546444
29.897436 -0.692308 -30074102393.454453
29.897436 -0.589744 -29259590905.984955
29.897436 -0.487179 -28436274748.845097
29.897436 -0.384615 -27601033965.335140
29.897436 -0.282051 -26750763167.809647
29.897436 -0.179487 -25882480255.018749
29.897436 -0.076923 -24993415081.280079
29.897436 0.025641 -24081089713.141949
29.897436 0.128205 -23143416005.420845
29.897436 0.230769 -22178832510.862999
29.897436 0.333333 -21186480048.490864
29.897436 0.435897 -20166385051.544323
29.897436 0.538462 -19119604158.682594
29.897436 0.641026 -18048300395.153282
29.897436 0.743590 -16955765864.656519
29.897436 0.846154 -15846446309.182302
29.897436 0.948718 -14726021798.457901
29.897436 1.051282 -13601544547.756922
29.897436 1.153846 -12481558151.947491
29.897436 1.256410 -11376071728.629444
29.897436 1.358974 -10296275506.706533
29.897436 1.461538 -9253962972.828327
29.897436 1.564103 -8260729659.612164
29.897436 1.666667 -7327094802.428247
29.897436 1.769231 -6461707408.403610
29.897436 1.871795 -5670760609.437121
29.897436 1.974359 -4957677688.832328
29.897436 2.076923 -4323076767.573807
29.897436 2.179487 -3764980344.284547
29.897436 2.282051 -3279211023.969876
29.897436 2.384615 -2859905944.050495
29.897436 2.487179 -2500088260.294060
29.897436 2.589744 -2192242583.251303
29.897436 2.692308 -1928840779.114276
29.897436 2.794872 -1702763802.193622
29.897436 2.897436 -1507584724.087512
29.897436 3.000000 -1337719727.071706
31.153846 -1.000000 -32188533588.882648
31.153846 -0.897436 -31383425675.705574
31.153846 -0.794872 -30577384487.044079
31.153846 -0.692308 -29767693470.013195
31.153846 -0.589744 -28951428377.236420
31.153846 -0.487179 -28125506170.218441
31.153846 -0.384615 -27286788966.424744
31.153846 -0.282051 -26432198775.413612
31.153846 -0.179487 -25558815910.291771
31.153846 -0.076923 -24663958856.140633
31.153846 0.025641 -23745264870.541821
31.153846 0.128205 -22800798711.169067
31.153846 0.230769 -21829205392.524143
31.153846 0.333333 -20829894762.326805
31.153846 0.435897 -19803217276.615879
31.153846 0.538462 -18750584841.833824
31.153846 0.641026 -17674519999.431854
31.153846 0.743590 -16578665806.056913
31.153846 0.846154 -15467819602.984556
31.153846 0.948718 -14348034451.329180
31.153846 1.051282 -13226765295.601748
31.153846 1.153846 -12112962142.193882
31.153846 1.256410 -11016978892.472061
31.153846 1.358974 -9950202017.544052
31.153846 1.461538 -8924395977.518946
31.153846 1.564103 -7950864220.506346
31.153846 1.666667 -7039583847.513737
31.153846 1.769231 -6198468626.868238
31.153846 1.871795 -5432866328.079253
31.153846 1.974359 -4745334048.138396
31.153846 2.076923 -4135682766.297497
31.153846 2.179487 -3601247387.871588
31.153846 2.282051 -3137319875.806377
31.153846 2.384615 -2737680260.277040
31.153846 2.487179 -2395168679.226149
31.153846 2.589744 -2102247227.093556
31.153846 2.692308 -1851497115.317003
31.153846 2.794872 -1635999753.966660
31.153846 2.897436 -1449577782.255503
31.153846 3.000000 -1286915756.398386
32.410256 -1.000000 -31897114252.618549
32.410256 -0.897436 -31092072027.466251
32.410256 -0.794872 -30285507252.551651
32.410256 -0.692308 -29474603094.006626
32.410256 -0.589744 -28656349777.878731
32.410256 -0.487179 -27827617514.488098
32.410256 -0.384615 -26985267450.578899
32.410256 -0.282051 -26126260229.353050
32.410256 -0.179487 -25247743788.790367
32.410256 -0.076923 -24347127429.842911
32.410256 0.025641 -23422167023.659195
32.410256 0.128205 -22471087598.355507
32.410256 0.230769 -21492750785.362064
32.410256 0.333333 -20486843257.454243
32.410256 0.435897 -19454038690.337147
32.410256 0.538462 -18396092011.525425
32.410256 0.641026 -17315864838.074356
32.410256 0.743590 -16217330023.941399
32.410256 0.846154 -15105620691.116581
32.410256 0.948718 -13987151825.952862
32.410256 1.051282 -12869766914.716003
32.410256 1.153846 -11762794468.414124
32.410256 1.256410 -10676885149.657913
32.410256 1.358974 -9623556299.460344
32.410256 1.461538 -8614472367.832026
32.410256 1.564103 -7660583843.616395
32.410256 1.666667 -6771288415.284517
32.410256 1.769231 -5953758185.633051
32.410256 1.871795 -5212520142.556576
32.410256 1.974359 -4549315214.766676
32.410256 2.076923 -3963213741.429006
32.410256 2.179487 -3450936197.755307
32.410256 2.282051 -3007315383.852886
32.410256 2.384615 -2625838413.330958
32.410256 2.487179 -2299215703.325951
32.410256 2.589744 -2019926129.774848
32.410256 2.692308 -1780683147.507603
32.410256 2.794872 -1574775490.337983
32.410256 2.897436 -1396270520.386651
32.410256 3.000000 -1240110800.496190
33.666667 -1.000000 -31618444634.443424
33.666667 -0.897436 -30813250387.937191
33.666667 -0.794872 -30005941092.799446
33.666667 -0.692308 -29193605101.342579
33.666667 -0.589744 -28373161617.312805
33.666667 -0.487179 -27541451086.245453
33.666667 -0.384615 -26695347463.213421
33.666667 -0.282051 -25831858001.481922
33.666667 -0.179487 -24948201454.713608
33.666667 -0.076923 -24041879865.664413
33.666667 0.025641 -23110772143.502190
33.666667 0.128205 -22153271907.109249
33.666667 0.230769 -21168467053.038216
33.666667 0.333333 -20156326388.420933
33.666667 0.435897 -19117842511.822075
33.666667 0.538462 -18055098641.398094
33.666667 0.641026 -16971275182.153587
33.666667 0.743590 -15870656303.188192
33.666667 0.846154 -14758698379.433842
33.666667 0.948718 -13642168877.648260
33.666667 1.051282 -12529284639.428123
33.666667 1.153846 -11429722312.527485
33.666667 1.256410 -10354380009.390400
33.666667 1.358974 -9314842942.954374
33.666667 1.461538 -8322611431.621665
33.666667 1.564103 -7388232259.370348
33.666667 1.666667 -6520497362.321016
33.666667 1.769231 -5725839946.426480
33.666667 1.871795 -5007996404.396756
33.666667 1.974359 -4367942723.173556
33.666667 2.076923 -3804072140.756528
33.666667 2.179487 -3312557804.744668
33.666667 2.282051 -2887837175.454578
33.666667 2.384615 -2523160626.448225
33.666667 2.487179 -2211154341.429338
33.666667 2.589744 -1944345954.181932
33.666667 2.692308 -1715597891.636599
33.666667 2.794872 -1518409057.868536
33.666667 2.897436 -1347085297.478777
33.666667 3.000000 -1196817324.577796
34.923077 -1.000000 -31351392427.759407
34.923077 -0.897436 -30545849978.926064
34.923077 -0.794872 -29737597474.319756
34.923077 -0.692308 -28923636715.093716
34.923077 -0.589744 -28100830627.256950
34.923077 -0.487179 -27266004901.655308
34.923077 -0.384615 -26416057106.490719
34.923077 -0.282051 -25548046517.929417
34.923077 -0.179487 -24659264706.184471
34.923077 -0.076923 -23747308701.647942
34.923077 0.025641 -22810185953.689938
34.923077 0.128205 -21846467528.302475
34.923077 0.230769 -20855476143.478451
34.923077 0.333333 -19837465304.668812
34.923077 0.435897 -18793739142.959816
34.923077 0.538462 -17726692875.155857
34.923077 0.641026 -16639806427.584133
34.923077 0.743590 -15537659699.235802
34.923077 0.846154 -14426022538.351353
34.923077 0.948718 -13312006204.675266
34.923077 1.051282 -12204184185.772312
34.923077 1.153846 -11112548654.460678
34.923077 1.256410 -10048195396.218662
34.923077 1.358974 -9022717716.454823
34.923077 1.461538 -8047394769.621087
34.923077 1.564103 -7132328333.475855
34.923077 1.666667 -6285687728.673514
34.923077 1.769231 -5513177386.121950
34.923077 1.871795 -4817777131.053446
34.923077 1.974359 -4199749144.366965
34.923077 2.076923 -3656869549.173965
34.923077 2.179487 -3184825379.892522
34.923077 2.282051 -2777715675.345854
34.923077 2.384615 -2428603231.609774
34.923077 2.487179 -2130068705.267691
34.923077 2.589744 -1874714210.961790
34.923077 2.692308 -1655562872.458349
34.923077 2.794872 -1466323709.070575
34.923077 2.897436 -1301534158.667943
34.923077 3.000000 -1156623918.615480
36.179487 -1.000000 -31094968962.260921
36.179487 -0.897436 -30288900865.582916
36.179487 -0.794872 -29479526696.192959
36.179487 -0.692308 -28663771804.616501
36.179487 -0.589744 -27838457088.546829
36.179487 -0.487179 -27000406312.990833
36.179487 -0.384615 -26146548835.142315
36.179487 -0.282051 -25273999474.159557
36.179487 -0.179487 -24380124089.349800
36.179487 -0.076923 -23462617614.403984
36.179487 0.025641 -22519622509.930973
36.179487 0.128205 -21549896218.448017
36.179487 0.230769 -20553003280.302414
36.179487 0.333333 -19529481670.464291
36.179487 0.435897 -18480937108.503597
36.179487 0.538462 -17410059815.933372
36.179487 0.641026 -16320611614.813000
36.179487 0.743590 -15217455406.812368
36.179487 0.846154 -14106666849.295940
36.179487 0.948718 -12995692332.108006
36.179487 1.051282 -11893443469.639858
36.179487 1.153846 -10810193482.819098
36.179487 1.256410 -9757186375.902254
36.179487 1.358974 -8745967621.063671
36.179487 1.461538 -7787545255.659788
36.179487 1.564103 -6891543395.403890
36.179487 1.666667 -6065499971.745761
36.179487 1.769231 -5314406513.971591
36.179487 1.871795 -4640522723.668044
36.179487 1.974359 -4043447074.700154
36.179487 2.076923 -3520394704.370010
36.179487 2.179487 -3066622179.261919
36.179487 2.282051 -2675940859.954443
36.179487 2.384615 -2341268976.981221
36.179487 2.487179 -2055174455.779161
36.179487 2.589744 -1810354289.629165
36.179487 2.692308 -1600000024.157495
36.179487 2.794872 -1418028734.276392
36.179487 2.897436 -1259202418.484043
36.179487 3.000000 -1119181300.816777
37.435897 -1.000000 -30848306503.671814
37.435897 -0.897436 -30041551840.909683
37.435897 -0.794872 -29230896038.496243
37.435897 -0.692308 -28413199116.604961
37.435897 -0.589744 -27585253189.425526
37.435897 -0.487179 -26743890731.090965
37.435897 -0.384615 -25886078852.072014
37.435897 -0.282051 -25008990145.242897
37.435897 -0.179487 -24110066199.876308
37.435897 -0.076923 -23187103603.017754
37.435897 0.025641 -22238387039.013573
37.435897 0.128205 -21262868879.149544
37.435897 0.230769 -20260360608.322517
37.435897 0.333333 -19231681775.715279
37.435897 0.435897 -18178727800.645134
37.435897 0.538462 -17104466959.795519
37.435897 0.641026 -16012927373.197317
37.435897 0.743590 -14909244848.506802
37.435897 0.846154 -13799794657.384090
37.435897 0.948718 -12692349103.976851
37.435897 1.051282 -11596137512.360058
37.435897 1.153846 -10521678282.123447
37.435897 1.256410 -9480315213.073721
37.435897 1.358974 -8483494309.948082
37.435897 1.461538 -7541909427.831223
37.435897 1.564103 -6664682157.032450
37.435897 1.666667 -5858717071.984470
37.435897 1.769231 -5128313053.954408
37.435897 1.871795 -4475047408.380389
37.435897 1.974359 -3897903301.618682
37.435897 2.076923 -3393587059.395392
37.435897 2.179487 -2956975254.866111
37.435897 2.282051 -2581636814.822629
37.435897 2.384615 -2260383003.962028
37.435897 2.487179 -1985796648.435388
37.435897 2.589744 -1750685507.531655
37.435897 2.692308 -1548414133.684224
37.435897 2.794872 -1373104294.820600
37.435897 2.897436 -1219735690.917517
37.435897 3.000000 -1084191259.691097
38.692308 -1.000000 -30610639726.224380
38.692308 -0.897436 -29803052337.039280
38.692308 -0.794872 -28990971859.572948
38.692308 -0.692308 -28171204456.648384
38.692308 -0.589744 -27340525381.073086
38.692308 -0.487179 -26495784378.179031
38.692308 -0.384615 -25633990502.299992
38.692308 -0.282051 -24752375575.932388
38.692308 -0.179487 -23848458673.999352
38.692308 -0.076923 -22920142643.716194
38.692308 0.025641 -21965862054.857670
38.692308 0.128205 -20984771983.509819
38.692308 0.230769 -19976933919.257607
38.692308 0.333333 -18943443680.953262
38.692308 0.435897 -17886473174.873516
38.692308 0.538462 -16809252434.443735
38.692308 0.641026 -15716062491.846867
38.692308 0.743590 -14612304245.255407
38.692308 0.846154 -13504647248.393408
38.692308 0.948718 -12401179531.637362
38.692308 1.051282 -11311425880.953455
38.692308 1.153846 -10246113125.836601
38.692308 1.256410 -9216638074.085732
38.692308 1.358974 -8234300182.659424
38.692308 1.461538 -7309442624.573085
38.692308 1.564103 -6450666530.012961
38.692308 1.666667 -5664246790.342086
38.692308 1.769231 -4953813114.000658
38.692308 1.871795 -4320298537.550976
38.692308 1.974359 -3762117180.507630
38.692308 2.076923 -3275514823.594027
38.692308 2.179487 -2855033780.150974
38.692308 2.282051 -2494040896.979840
38.692308 2.384615 -2185273291.009729
38.692308 2.487179 -1921351805.404058
38.692308 2.589744 -1695207061.683388
38.692308 2.692308 -1500378792.151025
38.692308 2.794872 -1331189325.853155
38.692308 2.897436 -1182829553.603717
38.692308 3.000000 -1051397841.241992
39.948718 -1.000000 -30381290500.216438
39.948718 -0.897436 -29572737538.035892
39.948718 -0.794872 -28759104844.188011
39.948718 -0.692308 -27937156031.140938
39.948718 -0.589744 -27103659926.185349
39.948718 -0.487179 -26255490241.323868
39.948718 -0.384615 -25389700815.088596
39.948718 -0.282051 -24503583799.070740
39.948718 -0.179487 -23594738041.404007
39.948718 -0.076923 -22661178032.481880
39.948718 0.025641 -21701496022.426144
39.948718 0.128205 -20715056466.514935
39.948718 0.230769 -19702171801.303333
39.948718 0.333333 -18664206747.416286
39.948718 0.435897 -17603595750.694763
39.948718 0.538462 -16523815413.242706
39.948718 0.641026 -15429388524.720806
39.948718 0.743590 -14325975124.606258
39.948718 0.846154 -13220534044.066231
39.948718 0.948718 -12121457607.107304
39.948718 1.051282 -11038542164.080082
39.948718 1.153846 -9982685859.455441
39.948718 1.256410 -8965293848.336876
39.948718 1.358974 -7997476627.025644
39.948718 1.461538 -7089196340.235362
39.948718 1.564103 -6248521808.174459
39.948718 1.666667 -5481106515.576143
39.948718 1.769231 -4789936728.574074
39.948718 1.871795 -4175339066.290013
39.948718 1.974359 -3635202457.004229
39.948718 2.076923 -3165356639.131243
39.948718 2.179487 -2760051089.572567
39.948718 2.282051 -2412486574.669422
39.948718 2.384615 -2115354641.061016
39.948718 2.487179 -1861333320.876847
39.948718 2.589744 -1643485038.445153
39.948718 2.692308 -1455525075.689157
39.948718 2.794872 -1291971813.509173
39.948718 2.897436 -1148221243.942153
39.948718 3.000000 -1020580268.894188
41.205128 -1.000000 -30159655329.074196
41.205128 -0.897436 -29350016055.931129
41.205128 -0.794872 -28534717783.627102
41.205128 -0.692308 -27710492332.775509
41.205128 -0.589744 -26874111010.506390
41.205128 -0.487179 -26022476578.081551
41.205128 -0.384615 -25152689535.326965
41.205128 -0.282051 -24262103429.973679
41.205128 -0.179487 -23348399813.063591
41.205128 -0.076923 -22409710827.709316
41.205128 0.025641 -21444794023.276413
41.205128 0.128205 -20453228564.905590
41.205128 0.230769 -19435576713.066593
41.205128 0.333333 -18393463055.197605
41.205128 0.435897 -17329570423.641548
41.205128 0.538462 -16247608228.695778
41.205128 0.641026 -15152331987.568224
41.205128 0.743590 -14049656361.204275
41.205128 0.846154 -12946824334.902899
41.205128 0.948718 -11852519705.289986
41.205128 1.051282 -10776785097.027222
41.205128 1.153846 -9730652973.092691
41.205128 1.256410 -8725494680.269749
41.205128 1.358974 -7772194001.363275
41.205128 1.461538 -6880307393.235017
41.205128 1.564103 -6057364798.056826
41.205128 1.666667 -5308410257.488804
41.205128 1.769231 -4635813785.734543
41.205128 1.871795 -4039332656.597677
41.205128 1.974359 -3516371923.176558
41.205128 2.076923 -3062386224.025051
41.205128 2.179487 -2671369723.806820
41.205128 2.282051 -2336389221.490465
41.205128 2.384615 -2050115498.659072
41.205128 2.487179 -1805299512.626197
41.205128 2.589744 -1595141835.333954
41.205128 2.692308 -1413532365.098754
41.205128 2.794872 -1255180923.279457
41.205128 2.897436 -1115682936.785803
41.205128 3.000000 -991547213.388320
42.461538 -1.000000 -29945194916.238297
42.461538 -0.897436 -29134359672.529781
42.461538 -0.794872 -28317295403.255848
42.461538 -0.692308 -27490712084.227451
42.461538 -0.589744 -26651390920.654716
42.461538 -0.487179 -25796267465.339333
42.461538 -0.384615 -24922490131.635128
42.461538 -0.282051 -24027475134.927608
42.461538 -0.179487 -23108990326.851486
42.461538 -0.076923 -22165291948.508080
42.461538 0.025641 -21195310009.577080
42.461538 0.128205 -20198842214.397457
42.461538 0.230769 -19176697597.404133
42.461538 0.333333 -18130750325.279758
42.461538 0.435897 -17063917709.245859
42.461538 0.538462 -15980129823.915985
42.461538 0.641026 -14884367813.650530
42.461538 0.743590 -13782797443.830824
42.461538 0.846154 -12682940259.572077
42.461538 0.948718 -11593757283.140543
42.461538 1.051282 -10525511032.725739
42.461538 1.153846 -9489331849.452126
42.461538 1.256410 -8496517893.720255
42.461538 1.358974 -7557693039.651482
42.461538 1.461538 -6681988588.263189
42.461538 1.564103 -5876393568.050909
42.461538 1.666667 -5145357431.607166
42.461538 1.769231 -4490661945.231256
42.461538 1.871795 -3911530967.376534
42.461538 1.974359 -3404924415.691549
42.461538 2.076923 -2965959447.313519
42.461538 2.179487 -2588408919.985557
42.461538 2.282051 -2265234297.938039
42.461538 2.384615 -1989107040.755927
42.461538 2.487179 -1752863787.758687
42.461538 2.589744 -1549847497.739606
42.461538 2.692308 -1374120852.843763
42.461538 2.794872 -1220580582.781352
42.461538 2.897436 -1085016263.750083
42.461538 3.000000 -964132123.763044
43.717949 -1.000000 -29737425453.937164
43.717949 -0.897436 -28925294756.485901
43.717949 -0.794872 -28106375855.588524
43.717949 -0.692308 -27277365855.387959
43.717949 -0.589744 -26435061894.413227
43.717949 -0.487179 -25576434990.065559
43.717949 -0.384615 -24698682380.948944
43.717949 -0.282051 -23799284586.269993
43.717949 -0.179487 -22876099985.795223
43.717949 -0.076923 -21927515590.035423
43.717949 0.025641 -20952640331.042736
43.717949 0.128205 -19951492701.915184
43.717949 0.230769 -18925123735.958759
43.717949 0.333333 -17875646046.155205
43.717949 0.435897 -16806198125.790854
43.717949 0.538462 -15720920265.971048
43.717949 0.641026 -14625013815.545897
43.717949 0.743590 -13524892735.859926
43.717949 0.846154 -12428350805.600115
43.717949 0.948718 -11344610646.077679
43.717949 1.051282 -10284127518.787663
43.717949 1.153846 -9258094139.076668
43.717949 1.256410 -8277699058.157306
43.717949 1.358974 -7353277430.119798
43.717949 1.461538 -6493520620.639283
43.717949 1.564103 -5704878552.992949
43.717949 1.666667 -4991223149.273159
43.717949 1.769231 -4353776228.318819
43.717949 1.871795 -3791262771.442100
43.717949 1.974359 -3300233758.019327
43.717949 2.076923 -2875503407.316041
43.717949 2.179487 -2510654100.901120
43.717949 2.282051 -2198567472.874812
43.717949 2.384615 -1931934105.157225
43.717949 2.487179 -1703686507.577812
43.717949 2.589744 -1507312585.007482
43.717949 2.692308 -1337045389.907315
43.717949 2.794872 -1187964215.680665
43.717949 2.897436 -1056047815.230423
43.717949 3.000000 -938189399.190038
44.974359 -1.000000 -29535911311.606171
44.974359 -0.897436 -28722395047.038330
44.974359 -0.794872 -27901543575.345032
44.974359 -0.692308 -27070049047.407040
44.974359 -0.589744 -26224729329.972019
44.974359 -0.487179 -25362592764.464252
44.974359 -0.384615 -24480886216.091377
44.974359 -0.282051 -23577156603.544918
44.974359 -0.179487 -22649357608.118748
44.974359 -0.076923 -21696013696.016678
44.974359 0.025641 -20716418291.188530
44.974359 0.128205 -19710811337.075855
44.974359 0.230769 -18680479609.390572
44.974359 0.333333 -17627762570.268417
44.974359 0.435897 -16556007488.101351
44.974359 0.538462 -15469556108.981262
44.974359 0.641026 -14373825959.690336
44.974359 0.743590 -13275476549.172010
44.974359 0.846154 -12182566654.448135
44.974359 0.948718 -11104563598.874155
44.974359 1.051282 -10052087788.930698
44.974359 1.153846 -9036360065.311066
44.974359 1.256410 -8068425998.279516
44.974359 1.358974 -7158307369.273591
44.974359 1.461538 -6314245021.641042
44.974359 1.564103 -5542154801.841260
44.974359 1.666667 -4845349780.307049
44.974359 1.769231 -4224520018.067591
44.974359 1.871795 -3677924606.198451
44.974359 1.974359 -3201739322.964442
44.974359 2.076923 -2790507166.749072
44.974359 2.179487 -2437648006.384249
44.974359 2.282051 -2135986329.708978
44.974359 2.384615 -1878247612.385334
44.974359 2.487179 -1657468225.581292
44.974359 2.589744 -1467282264.908736
44.974359 2.692308 -1302090403.269068
44.974359 2.794872 -1157150393.285892
44.974359 2.897436 -1028625426.278211
44.974359 3.000000 -913591232.239361
46.230769 -1.000000 -29340258868.289047
46.230769 -0.897436 -28525275558.844032
46.230769 -0.794872 -27702423253.843754
46.230769 -0.692308 -26868395997.575848
46.230769 -0.589744 -26020036103.226273
46.230769 -0.487179 -25154390513.602478
46.230769 -0.384615 -24268756589.942764
46.230769 -0.282051 -23360750246.718945
46.230769 -0.179487 -22428425671.649052
46.230769 -0.076923 -21470451287.304604
46.230769 0.025641 -20486309543.066811
46.230769 0.128205 -19476460957.226440
46.230769 0.230769 -18442420577.188282
46.230769 0.333333 -17386742995.119659
46.230769 0.435897 -16312972934.698668
46.230769 0.538462 -15225646443.139690
46.230769 0.641026 -14130394304.301636
46.230769 0.743590 -13034118890.803776
46.230769 0.846154 -11945135730.346048
46.230769 0.948718 -10873138834.097212
46.230769 1.051282 -9828886014.545868
46.230769 1.153846 -8823593500.797796
46.230769 1.256410 -7868133588.533623
46.230769 1.358974 -6972193933.039886
46.230769 1.461538 -6143557982.598982
46.230769 1.564103 -5387615195.535015
46.230769 1.666667 -4707139597.076516
46.230769 1.769231 -4102317255.029191
46.230769 1.871795 -3570972716.748426
46.230769 1.974359 -3108937950.932065
46.230769 2.076923 -2710513864.053122
46.230769 2.179487 -2368983180.060276
46.230769 2.282051 -2077133373.630898
46.230769 2.384615 -1827738207.547379
46.230769 2.487179 -1613944040.910397
46.230769 2.589744 -1429531400.145160
46.230769 2.692308 -1269065674.101483
46.230769 2.794872 -1127979222.758054
46.230769 2.897436 -1002615092.276492
46.230769 3.000000 -890224992.033462
47.487179 -1.000000 -29150111284.979683
47.487179 -0.897436 -28333587411.404316
47.487179 -0.794872 -27508674737.520382
47.487179 -0.692308 -26672075006.803261
47.487179 -0.589744 -25820657791.803349
47.487179 -0.487179 -24951509534.711536
47.487179 -0.384615 -24061979161.744102
47.487179 -0.282051 -23149754678.473572
47.487179 -0.179487 -22212996283.376110
47.487179 -0.076923 -21250522489.598999
47.487179 0.025641 -20262008175.015076
47.487179 0.128205 -19248132118.417995
47.487179 0.230769 -18210629228.570480
47.487179 0.333333 -17152257682.206623
47.487179 0.435897 -16076749548.995279
47.487179 0.538462 -14988829502.196020
47.487179 0.641026 -13894339484.248987
47.487179 0.743590 -12800421771.118101
47.487179 0.846154 -11715639339.751537
47.487179 0.948718 -10649893938.955763
47.487179 1.051282 -9614053191.479643
47.487179 1.153846 -8619297687.988451
47.487179 1.256410 -7676299205.161327
47.487179 1.358974 -6794394137.317183
47.487179 1.461538 -5980904925.854329
47.487179 1.564103 -5240704492.995308
47.487179 1.666667 -4576048341.872032
47.487179 1.769231 -3986645649.998037
47.487179 1.871795 -3469916092.153816
47.487179 1.974359 -3021377006.680872
47.487179 2.076923 -2635113972.375650
47.487179 2.179487 -2304295579.769000
47.487179 2.282051 -2021690112.212917
47.487179 2.384615 -1780130903.738458
47.487179 2.487179 -1572878862.439103
47.487179 2.589744 -1393860440.179316
47.487179 2.692308 -1237802811.995625
47.487179 2.794872 -1100309330.542897
47.487179 2.897436 -977898394.135236
47.487179 3.000000 -867991044.349028
48.743590 -1.000000 -28965144053.250477
48.743590 -0.897436 -28147013424.761486
48.743590 -0.794872 -27319988692.551025
48.743590 -0.692308 -26480784129.254700
48.743590 -0.589744 -25626298643.612175
48.743590 -0.487179 -24753658867.892441
48.743590 -0.384615 -23860266651.740898
48.743590 -0.282051 -22943885651.747528
48.743590 -0.179487 -22002787741.514236
48.743590 -0.076923 -21035947136.720146
48.743590 0.025641 -20043233367.532696
48.743590 0.128205 -19025539853.793079
48.743590 0.230769 -17984812285.311737
48.743590 0.333333 -16924001296.980471
48.743590 0.435897 -15847017464.910501
48.743590 0.538462 -14758769729.731236
48.743590 0.641026 -13665309651.196247
48.743590 0.743590 -12574015984.380934
48.743590 0.846154 -11493688809.546284
48.743590 0.948718 -10434417923.226145
48.743590 1.051282 -9407153560.260118
48.743590 1.153846 -8423011500.344746
48.743590 1.256410 -7492438732.715477
48.743590 1.358974 -6624406584.121232
48.743590 1.461538 -5825775714.352839
48.743590 1.564103 -5100914087.700223
48.743590 1.666667 -4451579585.959221
48.743590 1.769231 -3877030765.288536
48.743590 1.871795 -3374310429.371520
48.743590 1.974359 -2938648395.491740
48.743590 2.076923 -2563939519.357403
48.743590 2.179487 -2243259123.620885
48.743590 2.282051 -1969372025.553268
48.743590 2.384615 -1735180551.417490
48.743590 2.487179 -1534063419.726147
48.743590 2.589744 -1360091970.119981
48.743590 2.692308 -1208152295.295613
48.743590 2.794872 -1074015329.856099
48.743590 2.897436 -954370338.374259
48.743590 3.000000 -846800927.470420
50.000000 -1.000000 -28785061188.267822
50.000000 -0.897436 -27965264353.242847
50.000000 -0.794872 -27136082907.163231
50.000000 -0.692308 -26294247593.717503
50.000000 -0.589744 -25436688158.797756
50.000000 -0.487179 -24560572049.708122
50.000000 -0.384615 -23663355741.860992
50.000000 -0.282051 -22742882508.989456
50.000000 -0.179487 -21797541585.429806
50.000000 -0.076923 -20826467851.432297
50.000000 0.025641 -19829726525.909283
50.000000 0.128205 -18808420903.752510
50.000000 0.230769 -17764697960.340347
50.000000 0.333333 -16701690276.342625
50.000000 0.435897 -15623479370.206882
50.000000 0.538462 -14535155225.620686
50.000000 0.641026 -13442977796.006851
50.000000 0.743590 -12354558289.669395
50.000000 0.846154 -11278922548.628078
50.000000 0.948718 -10226328188.173388
50.000000 1.051282 -9207781476.401207
50.000000 1.153846 -8234306159.993575
50.000000 1.256410 -7316103041.088819
50.000000 1.358974 -6461767608.272417
50.000000 1.461538 -5677700410.443238
50.000000 1.564103 -4967777376.768737
50.000000 1.666667 -4333279770.024302
50.000000 1.769231 -3773040840.160796
50.000000 1.871795 -3283752886.995682
50.000000 1.974359 -2860383390.537667
50.000000 2.076923 -2496659114.300888
50.000000 2.179487 -2185581018.306781
50.000000 2.282051 -1919924276.842664
50.000000 2.384615 -1692667991.966560
50.000000 2.487179 -1497310889.275533
50.000000 2.589744 -1328067798.297006
50.000000 2.692308 -1179980974.430537
50.000000 2.794872 -1048985684.209638
50.000000 2.897436 -931937537.037362
50.000000 3.000000 -826575819.297698
1.000000 -1.000000 -84111722734.172348
1.000000 -0.897436 -83170116003.773010
1.000000 -0.794872 -82227605874.987228
1.000000 -0.692308 -81283564810.100174
1.000000 -0.589744 -80337511823.070374
1.000000 -0.487179 -79389053573.504898
1.000000 -0.384615 -78437827228.249268
1.000000 -0.282051 -77483445562.979706
1.000000 -0.179487 -76525445083.707321
1.000000 -0.076923 -75563238213.175095
