   0     0.00000000
   1     1.00000000
   2     0.99513602
   3     0.98554897
   4     0.97148401
   5     0.95325398
   6     0.93122500
   7     0.90580398
   8     0.87743098
   9     0.84656203
  10     0.81366199
  11     0.77918702
  12     0.74357402
  13     0.70723599
  14     0.67055798
  15     0.63388902
  16     0.59754097
  17     0.56178802
  18     0.52686298
  19     0.49296501
  20     0.46025601
  21     0.42886299
  22     0.39888299
  23     0.37038401
  24     0.34340799
  25     0.31797600
  26     0.29408699
  27     0.27172300
  28     0.25085199
  29     0.23143101
  30     0.21341100
  31     0.19673200
  32     0.18132800
  33     0.16713101
  34     0.15407000
  35     0.14207500
  36     0.13107300
  37     0.12099500
  38     0.11177000
  39     0.10332900
  40     0.09561000
  41     0.08855200
  42     0.08209600
  43     0.07618600
  44     0.07076800
  45     0.06579200
  46     0.06121400
  47     0.05699200
  48     0.05308700
  49     0.04946300
  50     0.04608600
  51     0.04292500
  52     0.03995500
  53     0.03715200
  54     0.03449900
  55     0.03197700
  56     0.02957000
  57     0.02726400
  58     0.02504700
  59     0.02291300
  60     0.02085700
  61     0.01887800
  62     0.01697800
  63     0.01515800
  64     0.01342100
