-1.859557345248686033e+01
-2.053415373013558565e+01
-1.989693175769207301e+01
-1.762473773569945479e+01
-2.049275363184642629e+01
-2.049845121328326059e+01
-1.963894427548439126e+01
-2.016945645044324920e+01
-1.930943323091560160e+01
-2.045147641039875452e+01
-2.048440259880590020e+01
-1.846388794071754091e+01
-1.998122968233292340e+01
-1.898260467182262801e+01
-1.891348957732770941e+01
-2.005219041298187221e+01
-2.019722450335029862e+01
-1.723431331880419748e+01
-2.050376911550847581e+01
-2.052895925639313646e+01
-1.842960506482995697e+01
-1.923408760661186534e+01
-1.874952273018425331e+01
-1.920937349952146178e+01
-2.042557949011825258e+01
-2.040068066939784330e+01
-2.019868384196161060e+01
-2.026545491899014451e+01
-1.916837556470272830e+01
-1.926564681565650972e+01
-2.049108697858173400e+01
-2.047922135030603386e+01
-2.004385194822680205e+01
-2.023116313322680071e+01
-1.970541431510719121e+01
-2.037721982660877984e+01
-1.813236856363073457e+01
-2.046163326234091073e+01
-2.040785370707089896e+01
-2.026551786085474305e+01
-1.620081068119543488e+01
-1.900163929932386964e+01
-2.015525835538574029e+01
-2.053961971132594044e+01
-1.263192199928380433e+01
-1.998403372917891829e+01
-1.995820721775453421e+01
-2.042184824087598827e+01
-2.053746140162911615e+01
-2.046332367889772286e+01
-1.989420966559555382e+01
-1.879294928420858923e+01
-2.034938273835359723e+01
-2.044665216812427389e+01
-2.053922432054969249e+01
-2.032446052923114621e+01
-1.980865481738874223e+01
-2.039759099511502427e+01
-1.966514505945087876e+01
-2.048737672145580291e+01
-2.027911723560464452e+01
-2.038391178781967028e+01
-2.053961943006288493e+01
-2.023550434270509868e+01
-2.050143461084371665e+01
-1.940465181508989190e+01
-1.883584946416158346e+01
-2.053887377600403852e+01
-2.024167862144895480e+01
-2.025946853082859889e+01
-2.024082502954115625e+01
-2.021419360788422637e+01
-2.000666874641319737e+01
-1.501883644534245832e+01
-2.024259348163104733e+01
-1.759703002330206800e+01
-2.052501349864178337e+01
-2.053789671752383583e+01
-2.030604286325615249e+01
-2.052169130022957688e+01
-2.029119226815237198e+01
-2.012463097173895221e+01
-2.051910718845829251e+01
-1.908678611560389982e+01
-1.792982515631229035e+01
-1.999326527109951712e+01
-2.051663218332760152e+01
-2.013724311082842178e+01
-1.902686493992223404e+01
-2.023858976825795253e+01
-1.691551082972364384e+01
-2.053788981124671409e+01
-2.052257499815095798e+01
-1.981197766768673318e+01
-2.024383138401753968e+01
-2.011830441451093066e+01
-1.931212162889642059e+01
-2.051365580955462065e+01
-2.045268243657847052e+01
-1.938218164376667119e+01
-2.052581238240600214e+01
-2.034037265194638167e+01
-1.726468851769095636e+01
-2.043239238381283940e+01
-2.040244240048923530e+01
-2.042870835816211184e+01
-2.010742136871340335e+01
-1.894736723824462388e+01
-2.019027817153255455e+01
-1.802722310471290257e+01
-2.035832844688775367e+01
-2.011943960864300607e+01
-2.052556018059112830e+01
-2.045324083754167077e+01
-1.950214273400342790e+01
-1.954289618383336347e+01
-2.053894057850266108e+01
-2.039956433211773401e+01
-1.687372997315469547e+01
-1.942923014707412221e+01
-2.041848218282393645e+01
-2.026170440133864759e+01
-2.053576647720183246e+01
-1.728557813361476292e+01
-1.936122759021964157e+01
-1.955778219792773598e+01
-2.045802372304024175e+01
-1.992854263280605664e+01
-2.019846644265271607e+01
-2.028990636656089919e+01
-1.979256110183632700e+01
-1.974594818003970431e+01
-2.012274184972920921e+01
-2.039430403808000847e+01
-2.053145226171909599e+01
-2.036881196420654305e+01
-2.050382223533961223e+01
-2.050633213594846893e+01
-2.000171320292793098e+01
-1.996415738588257227e+01
-2.053724081227483111e+01
-1.915715739741790458e+01
-2.011372467414912535e+01
-1.935254557469306746e+01
-2.051645092187754926e+01
-1.976424304516694974e+01
-1.965082040727429558e+01
-2.052931450025789673e+01
-2.053637841655290686e+01
-2.017499781265360070e+01
-1.810046591645004810e+01
-1.875220163498670445e+01
-2.051727568784917821e+01
-1.898919732107606251e+01
-2.020298611091493513e+01
-2.053467946337696048e+01
-2.007004191462692688e+01
-1.878955759009841131e+01
-1.990517614024065551e+01
-2.053555962868995266e+01
-2.053928164436365478e+01
-2.037430530319034006e+01
-2.033915671458089491e+01
-1.982692014636268141e+01
-2.044587836649589008e+01
-1.736824022134169354e+01
-2.039060023542333511e+01
-1.980503660373142338e+01
-2.041216009324125480e+01
-1.996354066787898773e+01
-1.898950947682169499e+01
-2.037450474393335753e+01
-1.992276163453789195e+01
-2.046735823783819797e+01
-2.040671845428732922e+01
-2.053895294882750022e+01
-2.025489136860051076e+01
-1.991779544539531344e+01
-2.041048558005422819e+01
-2.051304271329354378e+01
-2.012782047271321062e+01
-2.053841531892976491e+01
-2.039331802335436805e+01
-2.038339237777472590e+01
-1.868211496721778531e+01
-2.048417871290803305e+01
-2.052559823484625667e+01
-1.985562721457972657e+01
-2.042528041344485246e+01
-1.429585489360397332e+01
-2.052441071157227270e+01
-1.848912178503087489e+01
-2.007395483168875217e+01
-1.925331328378888429e+01
-1.863998269837247790e+01
-1.909364492676104419e+01
-1.967055828454977018e+01
-1.999876403954112902e+01
-2.053938168088643579e+01
-2.036639652208396001e+01
-1.676317186507731094e+01
-2.051553168526515947e+01
-2.051778480156281148e+01
-1.949799124474156997e+01
-1.841875338531463058e+01
-1.949003460946914856e+01
-1.850031058255626704e+01
-2.050202879251446575e+01
-2.031287547563260887e+01
-2.039326902528773644e+01
-2.052766201697886572e+01
-2.008603536426016944e+01
-2.047256384104184690e+01
-2.022823205573149608e+01
-2.051402744178631110e+01
-2.046234137737337733e+01
-1.933690372918499634e+01
-1.861499103330424987e+01
-1.982457620165223489e+01
-2.041831129766069353e+01
-2.008828543227355112e+01
-2.010390967911007465e+01
-1.970406007574638352e+01
-1.935372624790034024e+01
-2.008037153723489610e+01
-2.037594533554511145e+01
-2.049349422823070199e+01
-1.999819050843507284e+01
-2.048747003724929527e+01
-2.011649410732206888e+01
-1.958568735395601834e+01
-2.024459667444534716e+01
-1.982858555440543569e+01
-1.971896636523524649e+01
-1.800654875383042963e+01
-2.046406611437851097e+01
-1.799086285450539435e+01
-1.702873050420748768e+01
-1.879150726573061547e+01
-2.052117165139134158e+01
-2.053936679338221438e+01
-1.963242200090462575e+01
-2.040992569868103601e+01
-1.614421136126111378e+01
-1.992662976741848979e+01
-2.041514921117050108e+01
-1.921556122099354980e+01
-2.042368257900670869e+01
-2.042099455899369786e+01
-1.979663189094935660e+01
-1.422985350613816991e+01
-1.711955612059318810e+01
-2.040266112842800794e+01
-2.050797806798072997e+01
-2.053176249833995826e+01
-1.961394494546402711e+01
-2.024459568379461416e+01
-2.040903333764072158e+01
-2.041963879714603536e+01
-1.602178280544103472e+01
-1.966165578079016996e+01
-2.042302097402716754e+01
-1.878796324197901413e+01
-2.000064146391378017e+01
-2.043693353789785760e+01
-1.964465235308307456e+01
-1.980570995589368977e+01
-2.043255157726161997e+01
-2.017810061409545597e+01
-1.806025563543880708e+01
-1.918644690738437930e+01
-2.019335063733524294e+01
-1.849883603141279309e+01
-1.902835264675741200e+01
-1.780100005034182686e+01
-2.045147933510816074e+01
-1.983028512539385702e+01
-2.011632207628645119e+01
-1.955678064420862938e+01
-1.800404098717626766e+01
-1.885324898420367390e+01
-1.961924294681739411e+01
-2.053702006477396935e+01
-1.904876521565529401e+01
-1.963096657157802838e+01
-2.053130466161019285e+01
-2.033653537461941596e+01
-1.759311108802648960e+01
-2.044487423895770917e+01
-2.044485090599118848e+01
-2.049712320879552863e+01
-2.052272895684654941e+01
-2.033395138235209743e+01
-2.016297969280276448e+01
-2.050083565760360216e+01
-2.050423052989572170e+01
-1.860079635972215328e+01
-1.912352321192520321e+01
-2.053629659235593863e+01
-2.040971623667792301e+01
-2.053548579738344415e+01
-1.827886601401405642e+01
-1.985471469513140619e+01
-1.623909059556899592e+01
-2.051045996604807442e+01
-2.050526183696274529e+01
-1.991097490689571714e+01
-2.028816112745334976e+01
-2.034347268033525324e+01
-2.030047332361209556e+01
-2.000840655797583167e+01
-2.026287659151785192e+01
-2.045745771517613321e+01
-1.984564662524644518e+01
-1.905200527715351200e+01
-1.850064659327472327e+01
-2.037953486348851584e+01
-2.045833358713207417e+01
-2.050146672583650798e+01
-2.014909317050114623e+01
-2.029454526520567015e+01
-1.861498839033447439e+01
-1.993414271237270441e+01
-2.053937670861705556e+01
-1.876022555341842235e+01
-1.875030501441142405e+01
-1.675014368128904607e+01
-2.045625302653934341e+01
-2.047570549088777625e+01
-1.793095941196952481e+01
-2.020382605132908793e+01
-1.999897191166746779e+01
-2.047273266292177141e+01
-1.830845265585958259e+01
-1.985040979437326314e+01
-1.972098649276085780e+01
-2.047792830588150537e+01
-2.043141954385282588e+01
-2.053958708970458247e+01
-1.668593441576012992e+01
-1.913238952017127303e+01
-2.033192728383801295e+01
-1.947414991811820073e+01
-2.015845378630183404e+01
-1.975103928890894167e+01
-2.052978714932396542e+01
-2.001863845568732359e+01
-1.953368558414149447e+01
-2.052967831745991134e+01
-1.989228279853705317e+01
-2.040556473659671610e+01
-1.847557374582174816e+01
-1.870286947497515939e+01
-2.000776795218553161e+01
-2.050735204753436847e+01
-2.053852444019139512e+01
-2.041209883309056750e+01
-1.783607545014456264e+01
-1.981196744872795534e+01
-1.967094493646800402e+01
-2.053377660822661710e+01
-2.042791092161496636e+01
-2.039276530833012657e+01
-1.843882117829707568e+01
-1.869500099133074400e+01
-2.051106020187216927e+01
-1.797677835658032564e+01
-2.010570822414956638e+01
-2.038271754517700174e+01
-1.996534133386739995e+01
-1.882418394215710578e+01
-1.991907289130540448e+01
-1.993731972594105173e+01
-2.032664010177177261e+01
-1.964538028048991691e+01
-1.870654838620248483e+01
-1.865045164608454797e+01
-1.965942682349850656e+01
-2.050977729477017419e+01
-2.020921459868986858e+01
-2.048978860466741025e+01
-1.886757480825690436e+01
-2.052838638013054151e+01
-2.050230093607387971e+01
-2.044744205700772000e+01
-2.030395907113779685e+01
-1.961610894053228549e+01
-1.871356486725562718e+01
-2.002243171279769740e+01
-1.859904221905526356e+01
-1.954292948234797223e+01
-2.007725443346862448e+01
-2.020555666250584181e+01
-2.050139076695631957e+01
-1.893895557278665365e+01
-2.053519739914918318e+01
-1.933960014507465530e+01
-1.975230836777336663e+01
-1.888246407088445267e+01
-1.989779109454684658e+01
-1.925950975828891387e+01
-2.045830183726138785e+01
-2.049987618606246542e+01
-2.046781236658353009e+01
-1.964121688046361669e+01
-2.007616145293650334e+01
-2.031792455868344405e+01
-2.053009736833701027e+01
-2.004828710365836741e+01
-2.042544384802386048e+01
-2.046606321039871546e+01
-2.017829949111546739e+01
-1.927324058094018255e+01
-2.050223370398452971e+01
-1.918047484043927398e+01
-2.053962071293426561e+01
-2.006487489223582088e+01
-2.053956885237857932e+01
-1.840764619658511947e+01
-2.039557130398316076e+01
-2.038882719772664132e+01
-1.984952919281568029e+01
-1.935106284904395579e+01
-2.046564841131839785e+01
-2.039312969004822662e+01
-2.053894275921265944e+01
-1.897726958440034650e+01
-1.967053094872608199e+01
-1.808713481408267398e+01
-1.981024369475562708e+01
-1.811403575777512742e+01
-1.619594908687940915e+01
-1.833806627824378666e+01
-2.038242224588611862e+01
-2.019145274321272154e+01
-2.046978637759093544e+01
-2.048191547785245348e+01
-2.045657835915699252e+01
-2.050817616786662256e+01
-1.764433906383055728e+01
-1.932564599593752064e+01
-1.597578940295352368e+01
-1.820817047440505121e+01
-1.998065782266348833e+01
-2.053149698025663383e+01
-1.900816140739334514e+01
-2.001784440317351255e+01
-1.958294695699805743e+01
-2.047226150015558233e+01
-1.952968126682753791e+01
-2.007068858259299304e+01
-2.044217671588558005e+01
-1.884052023186086444e+01
-2.053794488907806226e+01
-1.931684145086910576e+01
-2.035189847939545871e+01
-2.052998416563423234e+01
-2.038781002910400275e+01
-1.939046093139040750e+01
-2.053595696452975972e+01
-1.913226584198491764e+01
-2.008409848816154408e+01
-2.015930091946938774e+01
-2.049746598240017192e+01
-1.954106382397731068e+01
-2.039185199102212209e+01
-2.016783944386406802e+01
-1.965021479928327608e+01
-1.967118218924588291e+01
-1.906264890090460540e+01
-1.910145356992143206e+01
-2.052739528475649422e+01
-2.053620530762418639e+01
-2.029215325281984406e+01
-2.037841632794879843e+01
-1.927977209531672997e+01
-1.777022849494460388e+01
-1.969453362309650402e+01
-1.955092773609794676e+01
-2.034715415058963117e+01
-1.799974138281686464e+01
-2.052716270727978554e+01
-2.035611404781593592e+01
-1.932432529582365532e+01
-2.040473439678316936e+01
-1.942376940431495314e+01
-2.015793504391695024e+01
-2.036883851805032464e+01
-2.044838848959989264e+01
-2.026488668780439184e+01
-1.997424649106687866e+01
-1.916466073939955095e+01
-2.051409311456518481e+01
-1.955942363767826464e+01
-2.036943091297507635e+01
-2.038004566573363263e+01
-1.347171316287131049e+01
-2.020224507383682067e+01
-1.962935265136184171e+01
-1.719131944928813027e+01
-1.954985877721992438e+01
-2.053892451279534725e+01
-2.053355275934154633e+01
-2.035151435808074893e+01
-1.998835114668690949e+01
-2.016132812531941454e+01
-1.790711984800145729e+01
-2.021512659380823607e+01
-2.018170701505732723e+01
-2.048085838265251368e+01
-2.026747657588566653e+01
-2.001594021526761935e+01
-1.911072981417964911e+01
-2.045145400203909958e+01
-2.031533707012567902e+01
-1.968869939268552116e+01
-2.052627837230102159e+01
-2.012940543346121558e+01
-2.052475059307835181e+01
-2.006598190291697392e+01
-2.042447296803220524e+01
-2.041882580907258671e+01
-1.694439454784151167e+01
-2.053954384505050257e+01
-2.050668008285720134e+01
-2.006143189485374023e+01
-1.759335461103910347e+01
-2.034282886738947127e+01
-2.044905150600243360e+01
-2.045775483086617896e+01
-2.001076253833889496e+01
-1.717923574889937299e+01
-1.834846890343396808e+01
-2.049048490331915673e+01
-2.053962071205751272e+01
-2.036674712264721165e+01
-1.964716978885189747e+01
-2.044879311899057939e+01
-1.900858098638491356e+01
-1.662290689304427360e+01
-1.928679913370069698e+01
-1.965302675701241242e+01
-1.705438868942292174e+01
-2.037762879359070212e+01
-2.045861553711802117e+01
-2.023656060204666574e+01
-1.994352124141005334e+01
-1.989497992233373225e+01
-2.053091952582326485e+01
-1.944128781247127336e+01
-1.931854597306301002e+01
-2.033335783788425033e+01
-1.857701207577702007e+01
-2.048344133870341466e+01
-2.041242050248911255e+01
-2.051234052831205190e+01
-1.664392933007184183e+01
-2.007862462955017691e+01
-1.851584117125094053e+01
-1.559782279115097481e+01
-2.049308611816741177e+01
-1.991770796509445063e+01
-1.788567150452217902e+01
-1.946634530038863886e+01
-1.929285057118249824e+01
-1.531195448108701385e+01
-2.032231023432905204e+01
-1.907500146589154610e+01
-2.039662708995820140e+01
-2.009917017816405860e+01
-2.017013940070319222e+01
-1.992625996753486106e+01
-2.014947021292027785e+01
-1.967368592396087479e+01
-2.031954984333060565e+01
-1.999105021124705672e+01
-1.788551221815941972e+01
-2.050984562893791008e+01
-1.741328978617457324e+01
-2.028281916735068080e+01
-1.893835358514479594e+01
-2.013742620745688328e+01
-1.463457260679570027e+01
-2.047754117103249882e+01
-2.047304723855995690e+01
-2.047078608653100673e+01
-1.846657461292488733e+01
-2.023805239466673811e+01
-2.036260707439578255e+01
-2.015737818038178375e+01
-1.428793008076172555e+01
-2.027071147985043353e+01
-1.649739899058477022e+01
-2.053943727563455468e+01
-2.009141940134213655e+01
-1.693174914132032427e+01
-2.039598906325409189e+01
-1.957507027766769170e+01
-1.980940041433859733e+01
-2.053961035740212537e+01
-2.051913243201124715e+01
-2.053933180103922496e+01
-2.033724756801530020e+01
-2.001141911881131819e+01
-2.053838513319351478e+01
-1.975510008845958509e+01
-1.687680514375097118e+01
-2.042279522806347813e+01
-2.052517648059802013e+01
-1.907698906829682528e+01
-2.041639238431525882e+01
-1.917740156872241641e+01
-2.020684034809528384e+01
-1.990475579777194071e+01
-1.925538264273200184e+01
-1.858944026657991344e+01
-1.920425583821270266e+01
-2.053784782710135914e+01
-2.053459652351011755e+01
-1.940638420683171717e+01
-1.730199331257972517e+01
-1.761880556483447435e+01
-1.897095111136877676e+01
-1.696880557163603953e+01
-1.942485000647138804e+01
-1.901588134647317929e+01
-1.579565351429118891e+01
-1.983554265180282528e+01
-2.007457665025140159e+01
-2.053851646069233539e+01
-1.931161011549556861e+01
-1.838135905515446211e+01
-1.814103116285696160e+01
-1.744826062129504862e+01
-1.757842340482238797e+01
-1.956337785243886174e+01
-2.049433069091537618e+01
-2.052801690988417249e+01
-1.876630502278931090e+01
-2.024186526856283308e+01
-1.987395864160134806e+01
-1.961600609838933451e+01
-1.933427415266487515e+01
-1.936011940510434215e+01
-2.018772130848810775e+01
-1.983440613127822871e+01
-2.053954275553041953e+01
-2.043208994259839528e+01
-1.979609929839716642e+01
-1.899876263815895072e+01
-2.051536482025039732e+01
-2.009749895833374467e+01
-1.967938229304854758e+01
-1.822972688036679756e+01
-1.758289855501425336e+01
-1.909127122501013218e+01
-2.044800612567269127e+01
-1.945651826115135918e+01
-2.044064562525454676e+01
-2.022445865047120606e+01
-2.053831248821734334e+01
-1.844999461544648511e+01
-2.022580826927151065e+01
-1.923000066303575295e+01
-1.930651853849485633e+01
-2.044797716448738356e+01
-1.912744492956335307e+01
-1.928778781326036551e+01
-1.941036880413230392e+01
-2.004765594994387357e+01
-2.032893835478171241e+01
-2.053857472656454775e+01
-2.011460028203873662e+01
-1.795608350163456635e+01
-2.001989798812792287e+01
-1.944925386102113407e+01
-2.019670049714113702e+01
-1.943988807277492015e+01
-1.813543441213550977e+01
-2.035395305894780904e+01
-2.044165597478786367e+01
-2.041822878124730778e+01
-1.845191499315842520e+01
-1.978086669257754693e+01
-1.940381948168214876e+01
-1.780683700532608782e+01
-1.935348802535008872e+01
-2.047204375361616258e+01
-2.037039987236857996e+01
-2.003966498264708207e+01
-2.037700090938960784e+01
-1.990517865086076199e+01
-1.927602946714614518e+01
-2.031577082474905183e+01
-1.861889402108499780e+01
-2.047553927337867208e+01
-1.932021125288156327e+01
-1.777219563861217466e+01
-2.030924068516833358e+01
-2.048648015169965220e+01
-1.987733956834199489e+01
-1.876571485728709376e+01
-2.053912098516229889e+01
-2.002356892510942998e+01
-2.053505137586762430e+01
-2.052943668553780299e+01
-2.052494167745317100e+01
-2.053113111541097169e+01
-2.024078239824302727e+01
-2.041181531138136052e+01
-1.974414168741350295e+01
-1.962148665400309255e+01
-1.946022093522697105e+01
-2.053242308191693155e+01
-1.674012257580034202e+01
-1.996100735037180129e+01
-2.053639599326925236e+01
-1.984484900906318217e+01
-2.031498418832416064e+01
-1.861456024804283516e+01
-1.972161603967106203e+01
-2.028335238046201994e+01
-2.039133918896186515e+01
-2.052357094725448405e+01
-2.033455018320819363e+01
-2.038399000049321330e+01
-1.882355017915688222e+01
-2.053925228758453159e+01
-2.045963375422434183e+01
-1.929513830935684382e+01
-1.962219535819531302e+01
-2.028719188234026660e+01
-2.053551479550151271e+01
-2.048983797146138386e+01
-2.019919384168679244e+01
-2.037304699373271433e+01
-2.050875861004169565e+01
-1.846956481576853548e+01
-1.722061600343658938e+01
-2.039562579879930126e+01
-2.039523121166348574e+01
-1.744107015692134155e+01
-2.031942638003602042e+01
-2.053912355003922130e+01
-2.007336684904657886e+01
-1.971554631643084576e+01
-1.789049304396394291e+01
-1.602391971031829598e+01
-1.849268660842062673e+01
-1.235184775857851491e+01
-1.965176526565846871e+01
-1.714831486490948009e+01
-2.027897716296865838e+01
-1.258858865220463485e+01
-1.931387199690652778e+01
-1.894457641951157711e+01
-1.831172448460711166e+01
-1.951784151820174884e+01
-1.996996807592586265e+01
-2.024969431927820551e+01
-1.905481955959476181e+01
-2.053902317483516526e+01
-2.037777012181322789e+01
-2.020410768082729192e+01
-1.986294283594907029e+01
-1.976105937487955089e+01
-1.941665605881280499e+01
-2.014120223265490495e+01
-2.045794051395932911e+01
-1.488103100945227197e+01
-1.901158257525821682e+01
-2.050222822689465829e+01
-2.041190199121410842e+01
-2.039397274357543210e+01
-1.954295129142701626e+01
-1.668908934581122594e+01
-2.019727008076006314e+01
-2.053943971281478298e+01
-2.040527125785956741e+01
-2.042560234696065891e+01
-2.043709289068283397e+01
-1.978639719226703164e+01
-2.045935892883790075e+01
-1.990322155286412453e+01
-2.019388358084688662e+01
-1.989054785152620752e+01
-2.022905123006057693e+01
-2.030881119992409367e+01
-2.051469512967014452e+01
-1.917194149573333561e+01
-2.051129963551284163e+01
-2.024452832336464780e+01
-2.030261174980114447e+01
-2.053611755832389463e+01
-1.797456992205479764e+01
-1.936823785552769550e+01
-1.875955923915171297e+01
-2.022798942916051601e+01
-1.658484669214522000e+01
-2.008813426253618672e+01
-2.007069926163603668e+01
-1.518804359030400519e+01
-2.025511084267054684e+01
-1.999439356091534137e+01
-1.858681310105748707e+01
-1.676689240265841363e+01
-2.029024767101509497e+01
-1.474706384847377194e+01
-1.691632811900490196e+01
-2.030892408336148947e+01
-2.032900966921079089e+01
-1.955842661287897499e+01
-1.675756159737647977e+01
-1.509096527593646897e+01
-1.996260052452635136e+01
-1.689408770970476326e+01
-1.974053326505963923e+01
-2.042044324102607789e+01
-2.014225666549828020e+01
-2.027920567897308501e+01
-1.981282502573230886e+01
-1.923285669037795742e+01
-2.029657913076516706e+01
-2.053850520103151212e+01
-2.053877466906851623e+01
-1.649314523602151894e+01
-2.052786421140990569e+01
-1.991998653077462222e+01
-1.649681280207369127e+01
-2.052791703415641678e+01
-2.000354993306245888e+01
-2.043124090991113917e+01
-2.031882043805671856e+01
-2.052000801574104116e+01
-2.050534782421891578e+01
-1.656462436698711826e+01
-2.050636494214268168e+01
-1.873158140948726214e+01
-2.052040141189354472e+01
-2.041530391373453313e+01
-1.880752821949499776e+01
-2.045750133813271532e+01
-2.045580625464936020e+01
-2.046998692578563350e+01
-2.050491800822055666e+01
-1.979098364839592250e+01
-2.037637411779360264e+01
-2.051205399019090692e+01
-2.028883749527813052e+01
-2.032483768585734651e+01
-1.976042189499639790e+01
-2.022173524441677728e+01
-1.951415197571623139e+01
-1.842253518524012179e+01
-1.900861302453995449e+01
-2.048810385129036149e+01
-1.969250350999573129e+01
-1.942124439525650814e+01
-1.782585767603450222e+01
-1.979456022099111578e+01
-1.999198697179963347e+01
-1.867402239363582339e+01
-1.891417205680045299e+01
-1.941663524359682924e+01
-2.050105428321330692e+01
-1.815475471757963533e+01
-8.751166565369203454e+00
-8.361718364456464769e+00
-1.915165229222475318e+01
-1.898180535927167512e+01
-1.229383159882490872e+01
-1.733834130121249473e+01
-2.039606379133329028e+01
-1.961214668250613613e+01
-1.956804147844741237e+01
-2.030046862511153449e+01
-1.481087224097427679e+01
-2.031674087412466179e+01
-1.914052785491003306e+01
-1.699543549918962526e+01
-1.806022332264910801e+01
-2.051847679085039999e+01
-2.035902487856947118e+01
-2.050687831689356244e+01
-2.053888974419169244e+01
-1.934238502886728384e+01
-2.012735141647499404e+01
-2.039078169670756324e+01
-2.008651677197485697e+01
-1.876696887830621563e+01
-1.999121671258035349e+01
-1.702329551077491487e+01
-2.008397749497089535e+01
-1.659505842665021191e+01
-1.971147915203619050e+01
-2.026058822975755902e+01
-2.014163312680830131e+01
-2.053217420300643425e+01
-2.050645189058559481e+01
-2.051214102655649185e+01
-2.049855732058131252e+01
-1.890173721507017035e+01
-2.029115052465203917e+01
-1.839058907863363856e+01
-1.844559547605967964e+01
-2.053948952796054073e+01
-1.871180849400479929e+01
-2.021251666448370088e+01
-1.972124429849282023e+01
-1.826798845107987290e+01
-1.715805566328344867e+01
-1.566850188577882363e+01
-2.004800836089634686e+01
-2.000157105769176269e+01
-2.044001496245255112e+01
-1.849430228211349458e+01
-2.004630778670616564e+01
-2.033522791758878157e+01
-2.024861059184331680e+01
-2.042905493770376779e+01
-2.041299239082582062e+01
-1.986824045515822945e+01
-2.034374629569356330e+01
-1.967953781707183225e+01
-1.180861367075340240e+01
-1.981274234454394900e+01
-5.860985352897841949e+00
0.000000000000000000e+00
-1.736612235673965188e+01
-2.049074602474502171e+01
-1.931549889788584551e+01
-2.042694333748659119e+01
-2.037652154963870998e+01
-2.051667584632014041e+01
-1.297142654570416198e+01
-1.881600949276617030e+01
-2.029906202862548525e+01
-1.525079683858712087e+01
-1.987462569719718886e+01
-2.053960633064707508e+01
-2.051274719463981455e+01
-1.925628644551034085e+01
-2.037549333732022205e+01
-2.005257167670424678e+01
-2.023007064879493555e+01
-1.986017759637616109e+01
-1.948391019201881136e+01
-1.951148056113015627e+01
-2.030181385933974525e+01
-1.968532047329426860e+01
-1.967691017035758705e+01
-1.834389020401431480e+01
-2.052767749808481312e+01
-1.933497215828901972e+01
-2.048529061162844300e+01
-1.980332741705569788e+01
-1.726474470998800825e+01
-1.847351911420264514e+01
-1.966367078215989750e+01
-2.053942332159931539e+01
-2.015173698756552767e+01
-2.053864346085902071e+01
-2.046020061784292920e+01
-2.053614802214360679e+01
-2.047049576428980799e+01
-2.049001188169131638e+01
-1.951761758295833715e+01
-2.053923212800509646e+01
-1.586449313967750641e+01
-2.053508738447999349e+01
-2.052018604575278005e+01
-2.029457008772806148e+01
-2.017967806364686112e+01
-1.808967361305258237e+01
-1.862365250691073015e+01
-2.051767969389766222e+01
-2.039288456936264993e+01
-2.019161854251797195e+01
-1.824421221554075601e+01
-2.009795121991919586e+01
-2.035559056639976916e+01
-1.931605383699570666e+01
-2.016082869998717797e+01
-2.040378071567101870e+01
-1.963487125240135356e+01
-2.023975601421989268e+01
-1.673121203668415546e+01
-2.022194402594686835e+01
-1.917781869165264652e+01
-2.016855928915902041e+01
-2.016309276615720592e+01
-1.982967720656233723e+01
-2.038964425330777885e+01
-2.046960196043073665e+01
-1.968604430307095754e+01
-1.904702526796609163e+01
-2.016473984822005150e+01
-1.941834916004881961e+01
-1.936503656562490505e+01
-2.053505403992676293e+01
-1.362503626670149970e+01
-1.971894562205852708e+01
-1.095060274459319771e+01
-1.743108895391560509e+01
-1.992094800191625836e+01
-2.046809484691402758e+01
-2.006352222797431750e+01
-2.049204485045629553e+01
-1.520432578542386182e+01
-2.053664197937177960e+01
-2.052521599277315545e+01
-2.030340888268256094e+01
-2.053254792635925696e+01
-1.622350286363871419e+01
-1.715749940458772471e+01
-2.036765359629134764e+01
-2.039067948523006635e+01
-2.053670932015666040e+01
-2.052597605627670418e+01
-2.044715071887549129e+01
-1.955085152970423223e+01
-2.044050403176515829e+01
-2.035023346941670752e+01
-2.049006445982013247e+01
-1.984681995269784238e+01
-2.050533761123369914e+01
-1.540215564070967957e+01
-1.885777262463670922e+01
-1.961682382387516554e+01
-1.846906037645749166e+01
-1.542462303795400658e+01
-1.735042898769825115e+01
-2.053929566852457356e+01
-1.589562764433139819e+01
-2.006629593164689140e+01
-2.053869087971543195e+01
-1.954606405700178584e+01
-1.923507950826751767e+01
-1.747581825137604028e+01
-1.985924107491518953e+01
-1.899819280056908610e+01
-1.727456501041888259e+01
-1.999933028556552017e+01
-2.047486751832548180e+01
-2.032918690733640688e+01
-2.052154318698012503e+01
-1.854060911146734725e+01
-1.993126084923642338e+01
-1.993359711124867317e+01
-2.053657578720230958e+01
-2.033875093863753136e+01
-2.053276248998372466e+01
-1.941803096574949450e+01
-1.567283015640714439e+01
-1.400899219976781751e+01
-1.537020760980158229e+01
-1.859278619131509913e+01
-2.047728733682015445e+01
-2.045490042071833159e+01
-2.040777946954040090e+01
-1.784451646113666357e+01
-2.025815570720078540e+01
-1.983874129760079086e+01
-1.781144645544554805e+01
-9.401159996046771994e+00
-1.741344242887862492e+01
-1.979173421538871480e+01
-1.930300123580309446e+01
-1.510643294231340406e+01
-2.031710230634053005e+01
-1.962838421443666448e+01
-2.046205690459464677e+01
-2.049378579679250834e+01
-1.966550633173028473e+01
-2.043768915256077889e+01
-2.051353297982132062e+01
-1.341058832747148699e+01
-2.053795002183687757e+01
-2.018548574451051536e+01
-1.984229592393239727e+01
-2.002897346828103764e+01
-1.931040589119584183e+01
-2.044254271660975064e+01
-1.771229710659827106e+01
-2.053959786234918283e+01
-1.977014836289163213e+01
-1.895345508350146702e+01
-2.036519230506019085e+01
-2.007807861453693477e+01
-2.021032794081475004e+01
-2.040421983712803922e+01
-2.053033404818052077e+01
-2.002418702537397621e+01
-1.919365674629079876e+01
-2.047706184960770770e+01
-2.029746452270774171e+01
-2.052034745698256302e+01
-1.586271513314568438e+01
-1.936804596645743004e+01
-2.044121321350394282e+01
-1.856984147310504341e+01
-1.859700099522524397e+01
-1.894227484458315303e+01
-1.985239797051326605e+01
-2.027547463245718973e+01
-2.023811733665934298e+01
-2.044645695972576505e+01
-2.051443267793729319e+01
-2.029397419773158617e+01
-1.877519842205583700e+01
-1.837356354800431291e+01
-2.011354435000612284e+01
-2.042955206374608679e+01
-1.859428414198191604e+00
-2.051519682956859469e+01
-1.998664165779337054e+01
-2.014434822620023624e+01
-2.046024743569796556e+01
-2.052297672023269115e+01
-1.992679985300128465e+01
-1.722939197501182207e+01
-2.052728440711507574e+01
-2.053939122127485462e+01
-1.887183946304139681e+01
-2.052633486271224683e+01
-2.009664859354961663e+01
-1.989685919625480892e+01
-1.938659061564612784e+01
-2.011268757622747216e+01
-2.028964786013602861e+01
-1.968405486662231851e+01
-2.052197106746098143e+01
-1.920764262194643379e+01
-2.048446258220792515e+01
-2.050149915773363318e+01
-2.019058317129019997e+01
-1.951029697741250857e+01
-2.048949345001892652e+01
-1.925658932555234060e+01
-2.037059351241259719e+01
-1.989079245557877584e+01
-2.048148611091892235e+01
-1.917808465462076128e+01
-1.911395613978311303e+01
-2.045355207287502708e+01
-2.038529359880703851e+01
-2.045722327477415092e+01
-2.053932552650439902e+01
-1.743280924208374927e+01
-1.954765973086978192e+01
-2.039860565732305986e+01
-2.020342711981356842e+01
-2.045260916755796643e+01
-1.941467727729468606e+01
-2.007763774532213574e+01
-2.053673491919107619e+01
-2.052336914875195362e+01
-2.047881252052320633e+01
-2.004929176843143068e+01
-1.973900047194911167e+01
-2.049557713859394426e+01
-2.036183266472653486e+01
-1.630174721490038792e+01
-2.053812931694119470e+01
-2.007604764427378541e+01
-1.669682893015487934e+01
-2.033888051167377853e+01
-2.011318693588691531e+01
-1.749256819988295319e+01
-2.042424187238793820e+01
-1.784052920486283256e+01
-2.031578981222992297e+01
-1.924755510274553671e+01
-1.376315534156310605e+01
-1.900371637360512977e+01
-1.317532545752692386e+01
-1.702138600501348265e+01
-2.031604445300399675e+01
-2.029974415268225130e+01
-2.053805576837839908e+01
-1.789575127721400349e+01
-2.053960099559481023e+01
-2.029341813640712644e+01
-2.050068605401611421e+01
-2.051943969672356616e+01
-2.048455341695080278e+01
-2.018852045701351017e+01
-2.052092683907176252e+01
-2.040776091110456036e+01
-1.689566533487595734e+01
-2.053603920949899475e+01
-2.038436445399929653e+01
-1.963364152907888638e+01
-1.329002068516274448e+01
-2.053962044489526306e+01
-1.975954062261007493e+01
-2.051742086252488662e+01
-1.977013903345505241e+01
-1.927433713257778436e+01
-1.962565025539515773e+01
-2.008322265215610969e+01
-2.032783950730299694e+01
-1.637331304467079462e+01
-1.915765958134579705e+01
-2.053045560080863652e+01
-2.051876984274349525e+01
-1.217870401356412913e+01
-1.829069767574401340e+01
-1.764112766453399672e+01
-2.044039858942778665e+01
-2.051297135263666860e+01
-2.050848660227347864e+01
-2.038000194727283088e+01
-1.965924603692110395e+01
-1.664524402307870332e+01
-2.048577760768603184e+01
-2.053077579603632330e+01
-2.052042924276247504e+01
-1.998826409926550696e+01
-1.935076175165886525e+01
-1.178595222673175158e+01
-2.052240694173451629e+01
-1.917153997644345509e+01
-1.996095161602352164e+01
-2.004168756927174400e+01
-1.996162414451464429e+01
-2.016497016904031625e+01
-1.947505858290605829e+01
-2.045030258053157013e+01
-2.040656149013739196e+01
-1.987169532832558616e+01
-1.961829204381501768e+01
-2.009967091040743981e+01
-1.999896388533306890e+01
-2.049874729473958723e+01
-2.049653514320016257e+01
-2.033178508506171056e+01
-2.052066042738806573e+01
-1.794180189571852679e+01
-2.045357782830978977e+01
-2.011256765122379875e+01
-1.871742831242590910e+01
-2.052241829565173248e+01
-1.673365056626062142e+01
-2.014057634909840999e+01
-1.482814006230182713e+01
-2.037090458596139797e+01
-2.004985190275692730e+01
-1.971761052138026571e+01
-1.936646657277378836e+01
-2.026856809554010397e+01
-2.021433597928626114e+01
-2.049405292373194243e+01
-1.999661527511125314e+01
-2.053931381818620139e+01
-2.020207519811447128e+01
-2.023466972734604497e+01
-2.053266538888055948e+01
-2.048004153104557190e+01
-2.043376988221643842e+01
-1.960135721880942583e+01
-1.997764532866131049e+01
-2.023652580847192439e+01
-2.052358449966413900e+01
-1.908291411041864194e+01
-2.031730650124154636e+01
-2.043817980200401507e+01
-1.991016630320154945e+01
-1.914316754765241058e+01
-2.052116057507373625e+01
-1.635702817664423492e+01
-1.920389372485442436e+01
-2.053437738383945543e+01
-2.027048507563813473e+01
-2.052127708658008487e+01
-1.993567455595257343e+01
-2.035815280644965242e+01
-1.997491961151899886e+01
-2.038180338792153634e+01
-2.050032550693504163e+01
-1.894847617359846481e+01
-1.897883584904411691e+01
-1.989169128934736364e+01
-2.047601923809997970e+01
-1.982436550753845950e+01
-1.983918187659583054e+01
-2.046966805320334970e+01
-1.999080588134529535e+01
-2.050944316122695454e+01
-2.036348924439516850e+01
-1.926336425164117827e+01
-1.952209240699448856e+01
-1.924465859938936774e+01
-2.053668641992771882e+01
-2.051996415635949234e+01
-1.968426968522180687e+01
-2.050274033860841882e+01
-1.894456126442310051e+01
-2.053960419745635591e+01
-2.053404320109984837e+01
-2.017774416122483672e+01
-2.053709218799485825e+01
-2.053614840307636769e+01
-1.863198041102441493e+01
-1.969905830561401672e+01
-2.050888423306241748e+01
-2.036708064605045365e+01
-1.998739637291510007e+01
-1.821138916850759415e+01
-1.981530654245580081e+01
-1.988645534233364742e+01
-2.004192015748776612e+01
-1.967419735911971657e+01
-1.751445828981377417e+01
-2.018222498084287508e+01
-2.036452143878341303e+01
-2.052468957950259210e+01
-2.049468474751120084e+01
-2.048993724120737170e+01
-1.957372020844559302e+01
-2.007542543768067844e+01
-1.965030734024549020e+01
-2.030873687486746348e+01
-1.949857094448452699e+01
-2.024996667259620153e+01
-2.048391141481261002e+01
-1.864561766556653311e+01
-1.944906073025049409e+01
-2.053848587589891395e+01
-1.886247739980171900e+01
-2.018953782966855215e+01
-2.045609608776794630e+01
-2.047278818058839533e+01
-2.039490432631646399e+01
-2.048118852354309638e+01
-2.039589766588323982e+01
-2.012510424620995764e+01
-2.053940479145603604e+01
-1.696139315652544610e+01
-1.752531617966087651e+01
-1.598523927519636345e+01
-1.993860614654477104e+01
-2.041121316648059292e+01
-2.031420195538885309e+01
-1.949211694529731176e+01
-1.836383155304065440e+01
-1.997110586694543599e+01
-1.905351530967891449e+01
-1.921454336306851474e+01
-1.896107198256140691e+01
-1.685766560164847760e+01
-1.722974459078977816e+01
-1.952347947816451779e+01
-1.745455532212145044e+01
-2.020751303644283325e+01
-2.005597310443772585e+01
-2.036911551880984916e+01
-1.973629090045142220e+01
-2.045366969903989229e+01
-2.051839068177650915e+01
-1.957520791831848328e+01
-1.767789876597817056e+01
-2.052333567590176244e+01
-1.979391759549616836e+01
-1.952604915810661623e+01
-2.003345935169636505e+01
-1.871762699934333796e+01
-1.548993174722272670e+01
-1.855209587185163400e+01
-1.459502242847884190e+01
-1.838355882903852034e+01
-1.930777051466429839e+01
-1.784989058212522650e+01
-2.020983432549110148e+01
-1.762955461008823477e+01
-1.977990740654422552e+01
-2.051406347731972346e+01
-1.963125912230680115e+01
-2.041139506475519738e+01
-2.053543465318944072e+01
-1.989516169622584130e+01
-1.797888519272237318e+01
-1.864940407856920501e+01
-1.941748633397219237e+01
-1.936384794950208743e+01
-1.952774412556391326e+01
-1.912531248525556293e+01
-2.039279480780533049e+01
-1.407254684179133619e+01
-1.956326961761078564e+01
-2.007034609494803590e+01
-2.033568695494977874e+01
-2.037251384455521475e+01
-2.031514873052947223e+01
-1.946835140264738584e+01
-1.616440949623211054e+01
-1.991678128980129259e+01
-2.035884381839059643e+01
-2.000359226910586585e+01
-1.975694548282626783e+01
-2.052718239084788365e+01
-1.972879294457743526e+01
-2.053108236457410385e+01
-2.045814278549005394e+01
-1.920473092544125393e+01
-2.052172336732110125e+01
-2.004679268360268907e+01
-1.980113309960870538e+01
-2.053460219648695784e+01
-2.045451363326355931e+01
-2.024338773977797246e+01
-2.053118612527032383e+01
-1.721959609706391348e+01
-1.955001471959985793e+01
-2.008275500124364044e+01
-2.033779820100608049e+01
-2.002617085626479820e+01
-1.960895769411581568e+01
-1.495636492825724417e+01
-1.994250091073990916e+01
-2.048127369806024944e+01
-1.938130405242918641e+01
-1.995021958521101624e+01
-2.042205136746997596e+01
-2.012776337875402533e+01
-2.008674748984412872e+01
-2.053845694110714248e+01
-2.052535340673421160e+01
-1.832059304962604074e+01
-2.014471892403162201e+01
-2.052796867532015312e+01
-1.624031358852880658e+01
-2.027016059069501352e+01
-1.987480843020239263e+01
-2.050962587649701163e+01
-1.997203971088674734e+01
-1.714173091580960318e+01
-2.041005184628011193e+01
-1.789930611312956898e+01
-2.014091731361622806e+01
-1.793509829659888055e+01
-2.049023697436132352e+01
-1.531411022376050823e+01
-2.007636413129512221e+01
-1.954344124013005057e+01
-2.025521619927167194e+01
-2.012150895057129674e+01
-2.034866358996077906e+01
-2.006597893745492911e+01
-1.913949218974084943e+01
-2.027593754252302460e+01
-1.953365410817423253e+01
-2.015547693077678559e+01
-2.028822316810692428e+01
-2.044030094732079306e+01
-2.047205797346759937e+01
-2.022956859323312528e+01
-1.994127698309239349e+01
-2.012953284050308866e+01
-2.053853153786258190e+01
-2.039566692371954559e+01
-2.047764794251270359e+01
-1.797547726678385516e+01
-1.962088330154438154e+01
-2.038449245707670343e+01
-2.025229268465045607e+01
-2.045026566991873551e+01
-2.052451342383210431e+01
-2.044566323989420198e+01
-2.046689998954025214e+01
-1.811865503676381195e+01
-2.016526178540152614e+01
-2.041884344905702164e+01
-1.731310588913402171e+01
-2.030629064761524205e+01
-2.053279093713354087e+01
-1.898191352586945868e+01
-1.981508481238415698e+01
-1.970152618848806014e+01
-2.029773990837929887e+01
-2.053935386542434571e+01
-1.642552781983613386e+01
-2.026045565625463496e+01
-1.984425657903921092e+01
-2.044281907613549265e+01
-2.053750748083621147e+01
-1.981463188517591334e+01
-2.048991999889403814e+01
-2.053579008125234395e+01
-2.049754584204492858e+01
-2.042052556641647243e+01
-2.052171228675433667e+01
-2.053245521847566124e+01
-2.045814638478987035e+01
-1.934580582659691572e+01
-1.769722166491919779e+01
-2.025515558159531793e+01
-2.050876543879348901e+01
-1.722283461492770584e+01
-2.028112888343457598e+01
-2.024684782783879200e+01
-2.043222262629205943e+01
-2.053133946212983574e+01
-2.049507788340997649e+01
-2.043227588547597406e+01
-1.581278262244813959e+01
-2.034475369619394769e+01
-1.971868727847686387e+01
-1.961171760147408349e+01
-1.987456664972705767e+01
-2.045919364358633175e+01
-1.796384125348413363e+01
-1.990631597896936000e+01
-1.894592567375366343e+01
-1.952810533230876899e+01
-1.773424504694048665e+01
-2.053941066840343410e+01
-1.682508919452084228e+01
-2.053889881153736496e+01
-2.038257068815801176e+01
-1.907354999803283135e+01
-1.965453676914330572e+01
-2.047752428805324598e+01
-2.024794474965528934e+01
-1.930220339500738191e+01
-2.041184790984698338e+01
-2.039459833394721500e+01
-1.924932439449548838e+01
-1.998406431228067959e+01
-2.017972224999903119e+01
-2.021147361300245393e+01
-2.022068101349941571e+01
-1.956209354657039512e+01
-2.019347890718927374e+01
-2.044611135723971529e+01
-2.007747680550892255e+01
-2.053475617242293083e+01
-2.033435261417980655e+01
-2.053842492891271831e+01
-1.983033089850505348e+01
-2.043894754691427806e+01
-1.848603085509239463e+01
-2.008554308034581481e+01
-1.902122276345835417e+01
-2.042571270318512688e+01
-1.953948928089084802e+01
-2.051285155495133949e+01
-1.606116690951967030e+01
-1.758546869010024238e+01
-2.053797593905983376e+01
-2.053441863470288808e+01
-1.927190095513287815e+01
-1.804289146290466306e+01
-1.719911836042956566e+01
-1.884967985860203044e+01
-1.935441738622830599e+01
-1.818841033366334159e+01
-1.986539073558014934e+01
-1.948515976664566551e+01
-2.035965895634581102e+01
-2.052208278914986295e+01
-1.669680801051435992e+01
-2.033176618847573991e+01
-2.040431492928109947e+01
-1.900961479791294551e+01
-1.478226137431920506e+01
-2.001735378807643428e+01
-2.034399813736672513e+01
-1.279193208806827897e+01
-1.954272817396486062e+01
-1.926866665525813005e+01
-1.956575965286538121e+01
-2.053864336699552950e+01
-1.901450622924676281e+01
-2.017322824235452572e+01
-1.916051665136546944e+01
-2.040029540317846113e+01
-2.050425209920285852e+01
-2.050449814276726102e+01
-1.995426242777830339e+01
-1.880560028147374396e+01
-1.409267751410880010e+01
-2.031413525302559719e+01
-1.985446574769957806e+01
-2.051317558958908194e+01
-1.963604107305218349e+01
-1.893498001228726935e+01
-1.731889186381522450e+01
-2.004157652815410984e+01
-1.749371121180593036e+01
-1.924230902439012425e+01
-2.040787228046247037e+01
-2.007445638789795339e+01
-2.050256766882012016e+01
-2.053545340269556618e+01
-2.015784764455020195e+01
-2.038390966482984368e+01
-2.046092557189331274e+01
-2.048867696518573212e+01
-1.716453210671897978e+01
-2.046322379335470032e+01
-1.994203371806725045e+01
-2.039183024672820466e+01
-2.041305231596197700e+01
-1.844292795755973202e+01
-2.019735843053058488e+01
-2.053581087493876112e+01
-2.026521815139494720e+01
-1.904516370483543142e+01
-2.043451461008589831e+01
-2.051653474170234404e+01
-1.753115755718317814e+01
-1.322146705139311962e+01
-1.922882096595276380e+01
-1.625253522208731738e+01
-1.964164419837834430e+01
-2.047869730494130636e+01
-1.905464244616814540e+01
-2.052484960981382756e+01
-2.010282837762861163e+01
-2.052490966450568521e+01
-2.050499800264879013e+01
-2.053182409620058024e+01
-1.757556796570861479e+01
-1.978915471516302205e+01
-1.991325831196809304e+01
-2.040249342472816352e+01
-2.046948446700116619e+01
-1.990427870208441163e+01
-2.053408237859184737e+01
-1.908808260118166800e+01
-1.973262372572935419e+01
-1.913417354378179880e+01
-2.038735564359376440e+01
-1.869678776292857947e+01
-2.044035596629328211e+01
-2.015703571132326033e+01
-2.044757781303269439e+01
-2.031572261357359821e+01
-2.053314671358020860e+01
-1.973848359959447407e+01
-2.016360603643261129e+01
-2.050263612567505334e+01
-1.841170874843010097e+01
-1.988139277219306678e+01
-2.011297136815846898e+01
-2.053086551989690633e+01
-1.733104676678340184e+01
-2.028105489334120648e+01
-1.992053251896868460e+01
-2.047146722086472437e+01
-1.863499486654836801e+01
-2.032637893995342893e+01
-2.042334421899431618e+01
-2.037569668049036409e+01
-2.000721196251470246e+01
-1.977738907917228062e+01
-1.953912775138815050e+01
-2.010392147926177131e+01
-1.438467179652434424e+01
-2.022147021304044756e+01
-2.034511809675677796e+01
-2.032576403361235862e+01
-1.998036044879700057e+01
-2.026625878407503478e+01
-1.680528154940111563e+01
-2.053931251133326441e+01
-1.741795731065576547e+01
-1.779236989197306684e+01
-1.912201052437740145e+01
-1.892673108545204741e+01
-1.974981073412345722e+01
-1.944136914627597434e+01
-2.053191629924913286e+01
-1.984403889666646137e+01
-2.049359167516013258e+01
-1.776612116860997048e+01
-2.043788701875018887e+01
-1.876544534215281601e+01
-1.808212879046186572e+01
-2.010834775476541836e+01
-1.994149953613668913e+01
-2.015296538658003556e+01
-1.992345378426762181e+01
-2.053202253965355339e+01
-1.962121754249528749e+01
-2.028465693178441143e+01
-1.990883213582856115e+01
-1.966218420885707019e+01
-1.907088268925144803e+01
-2.040298547820202657e+01
-2.039209617249434814e+01
-2.043530833362456178e+01
-1.604577597988827620e+01
-1.984316857565863756e+01
-1.961175088339223294e+01
-2.041832283537223702e+01
-1.996671526879799785e+01
-1.932595302024492412e+01
-1.959097301336078090e+01
-2.003978395976082538e+01
-2.031618943426292390e+01
-1.784896129361004569e+01
-1.519197271816665307e+01
-1.908496915341675049e+01
-2.049744868166089873e+01
-2.053760582788163447e+01
-2.053465175640667439e+01
-2.051960678097020718e+01
-2.030495556532696355e+01
-2.015049115219517262e+01
-1.572554987545663607e+01
-1.903322761947492836e+01
-2.041296985530061647e+01
-1.893417752544701216e+01
-1.902596595276554581e+01
-1.873879407226922922e+01
-1.547917677405348513e+01
-1.982066840724291978e+01
-2.053767226628042408e+01
-2.052775214831126505e+01
-2.053959157855933881e+01
-1.849828246177639812e+01
-2.031137822101663915e+01
-2.051612312654469861e+01
-2.052894186327466741e+01
-2.021637232586363098e+01
-1.993068414445588132e+01
-2.015779335979095777e+01
-2.052426207328244345e+01
-2.031063086317226407e+01
-2.012039520098187495e+01
-1.956644733008943149e+01
-2.053680398620781489e+01
-2.050184108886969625e+01
-2.041540866585637559e+01
-2.045852218244908727e+01
-2.004442295619810466e+01
-1.993781155305259745e+01
-2.047287175662859227e+01
-1.888064936400041915e+01
-2.040585133404601947e+01
-2.005319010535095003e+01
-1.664405890512352926e+01
-1.871042866767675150e+01
-2.034978403926288593e+01
-2.045225536153884605e+01
-1.844229370931134326e+01
-1.940316200207234942e+01
-1.933360578937572427e+01
-1.775732975199207431e+01
-2.031790841944894055e+01
-1.954477572156974929e+01
-2.042019170638741343e+01
-2.013735633135729586e+01
-1.989719565062114270e+01
-1.702402171281573828e+01
-2.053341182251460850e+01
-1.703249111273908056e+01
-1.988432775548062637e+01
-1.740480264851794345e+01
-2.042556187254376709e+01
-2.053358746758385678e+01
-2.037392895768789458e+01
-2.041715537938944180e+01
-2.046439308336266549e+01
-1.918670847946850699e+01
-2.053382122869516024e+01
-2.031299091808614321e+01
-2.041108704327780288e+01
-2.053387232779641636e+01
-1.754766393422323745e+01
-1.789139655343387858e+01
-1.651264783020451432e+01
-1.909070858181075891e+01
-1.569298937344137812e+01
-1.920688289765894297e+01
-2.049953463476776960e+01
-1.776731093424677965e+01
-2.014454874414877850e+01
-1.930856586856680224e+01
-1.948187386731660808e+01
-2.024086009117309004e+01
-1.851350325105158845e+01
-2.047175480605437770e+01
-1.871565575827116845e+01
-2.013811500323572545e+01
-1.956313093033895711e+01
-1.933308568128268234e+01
-1.107477732365805423e+01
-1.930844304106722120e+01
-1.907453301595523953e+01
-1.637114033339094021e+01
-2.052886861256774864e+01
-2.038499422448148835e+01
-1.974072405726474244e+01
-2.002126043799216859e+01
-2.033843993148911977e+01
-2.050747015709930565e+01
-1.899595354124176083e+01
-1.922621607098335517e+01
-1.990198224214327638e+01
-2.049666945672288421e+01
-1.957428913325566100e+01
-1.931797407536942046e+01
-2.022835069572465727e+01
-2.037338987355906283e+01
-2.037446367038501194e+01
-1.933115615584029001e+01
-1.991914336752233794e+01
-2.039917369108297862e+01
-2.050193615553143900e+01
-1.970379314979436458e+01
-2.040269867119059199e+01
-2.052109076322085457e+01
-1.832029469086046447e+01
-2.040875856143611600e+01
-1.975695313848336809e+01
-1.836836260475683957e+01
-2.025903365354679408e+01
-1.520824827637989074e+01
-1.985732450197247090e+01
-1.873065364548529033e+01
-1.079885444802857819e+01
-2.018703915231162682e+01
-2.042198639614434796e+01
-2.022367164666138706e+01
-2.042130368570360588e+01
-2.050920554763433756e+01
-1.542008703281680937e+01
-2.043210378643561853e+01
-1.927839551797296735e+01
-2.049407416645044577e+01
-1.197768101105975802e+01
-1.816377805860611261e+01
-1.878800936452171300e+01
-2.037318248079463956e+01
-1.954932252790604252e+01
-2.046890995048306650e+01
-2.044804810426285258e+01
-1.978305557035128004e+01
-2.052546574015286751e+01
-1.905460512455829303e+01
-1.937396036231803009e+01
-2.025479274168537813e+01
-2.050697961353580467e+01
-1.936042762045690324e+01
-2.034801507215161109e+01
-1.971456455904990435e+01
-2.046091540669658571e+01
-1.914663762212148868e+01
-1.958338890782033559e+01
-1.922191203322290676e+01
-1.952238386911994894e+01
-1.947789160981847090e+01
-2.035574128377265879e+01
-2.049684338648148696e+01
-1.961002332014686544e+01
-2.046864117616860312e+01
-2.016741242138959933e+01
-1.862733061041581095e+01
-2.053848601182107814e+01
-2.012873519549248158e+01
-2.001548312658269424e+01
-1.924836979497194989e+01
-1.975792353321230621e+01
-2.048004311186014093e+01
-1.988397092513696407e+01
-1.982942722002189839e+01
-1.989411806669886573e+01
-2.053405193248909200e+01
-1.979387170579866506e+01
-1.924711484596627997e+01
-1.958676353928240133e+01
-2.018091519542940659e+01
-1.677021659551246557e+01
-2.034867263440537499e+01
-1.979386509940377437e+01
-1.985338802297337679e+01
-2.034442324918927625e+01
-2.019761017547352822e+01
-1.423088881379590021e+01
-2.041138077102732495e+01
-2.043261701825031196e+01
-2.052886186476462171e+01
-2.053898727338309982e+01
-2.028191280300598009e+01
-2.049849023396382108e+01
-2.050422933899244526e+01
-2.044478203775361180e+01
-1.975561921145344968e+01
-1.989742098078568233e+01
-1.998520984513015719e+01
-1.622024858175791451e+01
-2.050575625432975357e+01
-2.044529531015359680e+01
-1.819348854897907586e+01
-2.024289208225673065e+01
-2.000308149780903477e+01
-1.982349444363717339e+01
-1.498573179046798032e+01
-2.053946697926949128e+01
-2.051837650048037176e+01
-2.047108738475071732e+01
-2.031202561869577039e+01
-2.026167630298732547e+01
-1.935729366915984428e+01
-2.047779592841470730e+01
-2.013106246326788096e+01
-1.655373931824215106e+01
-2.046858601989151794e+01
-2.014997953144120402e+01
-1.619195488450714038e+01
-2.038814469491626369e+01
-1.907051004747336265e+01
-2.050258091078285361e+01
-2.025334314075007569e+01
-1.966732403039713972e+01
-1.929376412344572600e+01
-2.050921937739985879e+01
-1.914785973137622932e+01
-2.053943718900336535e+01
-1.930200014658112195e+01
-1.992298445754568093e+01
-2.020901186371702352e+01
-1.849043413905383204e+01
-1.998023068209295161e+01
-2.023704304104830953e+01
-1.929218551284429850e+01
-2.051890698010538472e+01
-1.978643758656471618e+01
-2.003946669258220936e+01
-2.021318244974099798e+01
-2.050824741598262335e+01
-1.856096594065093086e+01
-2.025249678438558476e+01
-2.053915718473945162e+01
-1.980325817475022632e+01
-2.034012038705259329e+01
-1.814613470027325093e+01
-2.053783672940335236e+01
